0.05 0.5 0.5 1 0
0.05 0.55 1.5 1 0
0.05 0.5 0.5 0.05 1
0.05 1.5 0.5 0.05 1
0.1 0.5 0.5 1 0
0.1 0.6 1.5 1 0
0.1 0.5 0.5 0.1 1
0.1 1.5 0.5 0.1 1
0.15 0.5 0.5 1 0
0.15 0.65 1.5 1 0
0.15 0.5 0.5 0.15 1
0.15 1.5 0.5 0.15 1
0.2 0.5 0.5 1 0
0.2 0.7 1.5 1 0
0.2 0.5 0.5 0.2 1
0.2 1.5 0.5 0.2 1
0.25 0.5 0.5 1 0
0.25 0.75 1.5 1 0
0.25 0.5 0.5 0.25 1
0.25 1.5 0.5 0.25 1
0.3 0.5 0.5 1 0
0.3 0.8 1.5 1 0
0.3 0.5 0.5 0.3 1
0.3 1.5 0.5 0.3 1
0.35 0.5 0.5 1 0
0.35 0.85 1.5 1 0
0.35 0.5 0.5 0.35 1
0.35 1.5 0.5 0.35 1
0.4 0.5 0.5 1 0
0.4 0.9 1.5 1 0
0.4 0.5 0.5 0.4 1
0.4 1.5 0.5 0.4 1
0.45 0.5 0.5 1 0
0.45 0.95 1.5 1 0
0.45 0.5 0.5 0.45 1
0.45 1.5 0.5 0.45 1
0.5 0.5 0.5 1 0
0.5 1 1.5 1 0
0.5 0.5 0.5 0.5 1
0.5 1.5 0.5 0.5 1
