0 0.5 0.5 1 0
0 0.5 1.5 1 0
0 0.5 0.5 0 1
0 1.5 0.5 0 1
0.001 0.5 0.5 1 0
0.001 0.5 1.5 1 0
0.001 0.5 0.5 0 1
0.001 1.5 0.5 0 1
0.002 0.5 0.5 1 0
0.002 0.5 1.50001 1 0
0.002 0.5 0.5 0 1.00001
0.002 1.5 0.5 0 1.00001
0.003 0.5 0.5 1 0
0.003 0.5 1.50002 1 0
0.003 0.5 0.5 0 1.00002
0.003 1.5 0.5 0 1.00002
0.004 0.5 0.5 1 0
0.004 0.5 1.50002 1 0
0.004 0.5 0.5 0 1.00002
0.004 1.5 0.5 0 1.00002
0.005 0.5 0.5 1 0
0.005 0.5 1.50004 1 0
0.005 0.5 0.5 0 1.00004
0.005 1.5 0.5 0 1.00004
0.006 0.5 0.5 1 0
0.006 0.5 1.50005 1 0
0.006 0.5 0.5 0 1.00005
0.006 1.5 0.5 0 1.00005
0.007 0.5 0.5 1 0
0.007 0.5 1.50006 1 0
0.007 0.5 0.5 0 1.00006
0.007 1.5 0.5 0 1.00006
0.008 0.5 0.5 1 0
0.008 0.5 1.50008 1 0
0.008 0.5 0.5 0 1.00008
0.008 1.5 0.5 0 1.00008
0.009 0.5 0.5 1 0
0.009 0.5 1.5001 1 0
0.009 0.5 0.5 0 1.0001
0.009 1.5 0.5 0 1.0001
0.01 0.5 0.5 1 0
0.01 0.5 1.50012 1 0
0.01 0.5 0.5 0 1.00012
0.01 1.5 0.5 0 1.00012
0.011 0.5 0.5 1 0
0.011 0.5 1.50014 1 0
0.011 0.5 0.5 0 1.00014
0.011 1.5 0.5 0 1.00014
0.012 0.5 0.5 1 0
0.012 0.5 1.50017 1 0
0.012 0.5 0.5 0 1.00017
0.012 1.5 0.5 0 1.00017
0.013 0.5 0.5 1 0
0.013 0.5 1.5002 1 0
0.013 0.5 0.5 0 1.0002
0.013 1.5 0.5 0 1.0002
0.014 0.5 0.5 1 0
0.014 0.5 1.50022 1 0
0.014 0.5 0.5 0 1.00022
0.014 1.5 0.5 0 1.00022
0.015 0.5 0.5 1 0
0.015 0.5 1.50026 1 0
0.015 0.5 0.5 0 1.00026
0.015 1.5 0.5 0 1.00026
0.016 0.5 0.5 1 0
0.016 0.5 1.50029 1 0
0.016 0.5 0.5 0 1.00029
0.016 1.5 0.5 0 1.00029
0.017 0.5 0.5 1 0
0.017 0.5 1.50032 1 0
0.017 0.5 0.5 0 1.00032
0.017 1.5 0.5 0 1.00032
0.018 0.5 0.5 1 0
0.018 0.5 1.50036 1 0
0.018 0.5 0.5 0 1.00036
0.018 1.5 0.5 0 1.00036
0.019 0.5 0.5 1 0
0.019 0.5 1.5004 1 0
0.019 0.5 0.5 0 1.0004
0.019 1.5 0.5 0 1.0004
0.02 0.5 0.5 1 0
0.02 0.5 1.50044 1 0
0.02 0.5 0.5 0 1.00044
0.02 1.5 0.5 0 1.00044
0.021 0.5 0.5 1 0
0.021 0.5 1.50048 1 0
0.021 0.5 0.5 0 1.00048
0.021 1.5 0.5 0 1.00048
0.022 0.5 0.5 1 0
0.022 0.5 1.50053 1 0
0.022 0.5 0.5 0 1.00053
0.022 1.5 0.5 0 1.00053
0.023 0.5 0.5 1 0
0.023 0.5 1.50058 1 0
0.023 0.5 0.5 0 1.00058
0.023 1.5 0.5 0 1.00058
0.024 0.5 0.5 1 0
0.024 0.5 1.50062 1 0
0.024 0.5 0.5 0 1.00062
0.024 1.5 0.5 0 1.00062
0.025 0.5 0.5 1 0
0.025 0.5 1.50068 1 0
0.025 0.5 0.5 0 1.00068
0.025 1.5 0.5 0 1.00068
0.026 0.5 0.5 1 0
0.026 0.5 1.50073 1 0
0.026 0.5 0.5 0 1.00073
0.026 1.5 0.5 0 1.00073
0.027 0.5 0.5 1 0
0.027 0.5 1.50078 1 0
0.027 0.5 0.5 0 1.00078
0.027 1.5 0.5 0 1.00078
0.028 0.5 0.5 1 0
0.028 0.5 1.50084 1 0
0.028 0.5 0.5 0 1.00084
0.028 1.5 0.5 0 1.00084
0.029 0.5 0.5 1 0
0.029 0.5 1.5009 1 0
0.029 0.5 0.5 0 1.0009
0.029 1.5 0.5 0 1.0009
0.03 0.5 0.5 1 0
0.03 0.5 1.50096 1 0
0.03 0.5 0.5 0 1.00096
0.03 1.5 0.5 0 1.00096
0.031 0.5 0.5 1 0
0.031 0.5 1.50102 1 0
0.031 0.5 0.5 0 1.00102
0.031 1.5 0.5 0 1.00102
0.032 0.5 0.5 1 0
0.032 0.5 1.50109 1 0
0.032 0.5 0.5 0 1.00109
0.032 1.5 0.5 0 1.00109
0.033 0.5 0.5 1 0
0.033 0.5 1.50116 1 0
0.033 0.5 0.5 0 1.00116
0.033 1.5 0.5 0 1.00116
0.034 0.5 0.5 1 0
0.034 0.5 1.50122 1 0
0.034 0.5 0.5 0 1.00122
0.034 1.5 0.5 0 1.00122
0.035 0.5 0.5 1 0
0.035 0.5 1.5013 1 0
0.035 0.5 0.5 0 1.0013
0.035 1.5 0.5 0 1.0013
0.036 0.5 0.5 1 0
0.036 0.5 1.50137 1 0
0.036 0.5 0.5 0 1.00137
0.036 1.5 0.5 0 1.00137
0.037 0.5 0.5 1 0
0.037 0.5 1.50144 1 0
0.037 0.5 0.5 0 1.00144
0.037 1.5 0.5 0 1.00144
0.038 0.5 0.5 1 0
0.038 0.5 1.50152 1 0
0.038 0.5 0.5 0 1.00152
0.038 1.5 0.5 0 1.00152
0.039 0.5 0.5 1 0
0.039 0.5 1.5016 1 0
0.039 0.5 0.5 0 1.0016
0.039 1.5 0.5 0 1.0016
0.04 0.5 0.5 1 0
0.04 0.5 1.50168 1 0
0.04 0.5 0.5 0 1.00168
0.04 1.5 0.5 0 1.00168
0.041 0.5 0.5 1 0
0.041 0.5 1.50176 1 0
0.041 0.5 0.5 0 1.00176
0.041 1.5 0.5 0 1.00176
0.042 0.5 0.5 1 0
0.042 0.5 1.50185 1 0
0.042 0.5 0.5 0 1.00185
0.042 1.5 0.5 0 1.00185
0.043 0.5 0.5 1 0
0.043 0.5 1.50194 1 0
0.043 0.5 0.5 0 1.00194
0.043 1.5 0.5 0 1.00194
0.044 0.5 0.5 1 0
0.044 0.5 1.50202 1 0
0.044 0.5 0.5 0 1.00202
0.044 1.5 0.5 0 1.00202
0.045 0.5 0.5 1 0
0.045 0.5 1.50212 1 0
0.045 0.5 0.5 0 1.00212
0.045 1.5 0.5 0 1.00212
0.046 0.5 0.5 1 0
0.046 0.5 1.50221 1 0
0.046 0.5 0.5 0 1.00221
0.046 1.5 0.5 0 1.00221
0.047 0.5 0.5 1 0
0.047 0.5 1.5023 1 0
0.047 0.5 0.5 0 1.0023
0.047 1.5 0.5 0 1.0023
0.048 0.5 0.5 1 0
0.048 0.5 1.5024 1 0
0.048 0.5 0.5 0 1.0024
0.048 1.5 0.5 0 1.0024
0.049 0.5 0.5 1 0
0.049 0.5 1.5025 1 0
0.049 0.5 0.5 0 1.0025
0.049 1.5 0.5 0 1.0025
0.05 0.5 0.5 1 0
0.05 0.5 1.5026 1 0
0.05 0.5 0.5 0 1.0026
0.05 1.5 0.5 0 1.0026
0.051 0.5 0.5 1 0
0.051 0.5 1.5027 1 0
0.051 0.5 0.5 0 1.0027
0.051 1.5 0.5 0 1.0027
0.052 0.5 0.5 1 0
0.052 0.5 1.50281 1 0
0.052 0.5 0.5 0 1.00281
0.052 1.5 0.5 0 1.00281
0.053 0.5 0.5 1 0
0.053 0.5 1.50292 1 0
0.053 0.5 0.5 0 1.00292
0.053 1.5 0.5 0 1.00292
0.054 0.5 0.5 1 0
0.054 0.5 1.50302 1 0
0.054 0.5 0.5 0 1.00302
0.054 1.5 0.5 0 1.00302
0.055 0.5 0.5 1 0
0.055 0.5 1.50314 1 0
0.055 0.5 0.5 0 1.00314
0.055 1.5 0.5 0 1.00314
0.056 0.5 0.5 1 0
0.056 0.5 1.50325 1 0
0.056 0.5 0.5 0 1.00325
0.056 1.5 0.5 0 1.00325
0.057 0.5 0.5 1 0
0.057 0.5 1.50336 1 0
0.057 0.5 0.5 0 1.00336
0.057 1.5 0.5 0 1.00336
0.058 0.5 0.5 1 0
0.058 0.5 1.50348 1 0
0.058 0.5 0.5 0 1.00348
0.058 1.5 0.5 0 1.00348
0.059 0.5 0.5 1 0
0.059 0.5 1.5036 1 0
0.059 0.5 0.5 0 1.0036
0.059 1.5 0.5 0 1.0036
0.06 0.5 0.5 1 0
0.06 0.5 1.50372 1 0
0.06 0.5 0.5 0 1.00372
0.06 1.5 0.5 0 1.00372
0.061 0.5 0.5 1 0
0.061 0.5 1.50384 1 0
0.061 0.5 0.5 0 1.00384
0.061 1.5 0.5 0 1.00384
0.062 0.5 0.5 1 0
0.062 0.5 1.50397 1 0
0.062 0.5 0.5 0 1.00397
0.062 1.5 0.5 0 1.00397
0.063 0.5 0.5 1 0
0.063 0.5 1.5041 1 0
0.063 0.5 0.5 0 1.0041
0.063 1.5 0.5 0 1.0041
0.064 0.5 0.5 1 0
0.064 0.5 1.50422 1 0
0.064 0.5 0.5 0 1.00422
0.064 1.5 0.5 0 1.00422
0.065 0.5 0.5 1 0
0.065 0.5 1.50436 1 0
0.065 0.5 0.5 0 1.00436
0.065 1.5 0.5 0 1.00436
0.066 0.5 0.5 1 0
0.066 0.5 1.50449 1 0
0.066 0.5 0.5 0 1.00449
0.066 1.5 0.5 0 1.00449
0.067 0.5 0.5 1 0
0.067 0.5 1.50462 1 0
0.067 0.5 0.5 0 1.00462
0.067 1.5 0.5 0 1.00462
0.068 0.5 0.5 1 0
0.068 0.5 1.50476 1 0
0.068 0.5 0.5 0 1.00476
0.068 1.5 0.5 0 1.00476
0.069 0.5 0.5 1 0
0.069 0.5 1.5049 1 0
0.069 0.5 0.5 0 1.0049
0.069 1.5 0.5 0 1.0049
0.07 0.5 0.5 1 0
0.07 0.5 1.50504 1 0
0.07 0.5 0.5 0 1.00504
0.07 1.5 0.5 0 1.00504
0.071 0.5 0.5 1 0
0.071 0.5 1.50518 1 0
0.071 0.5 0.5 0 1.00518
0.071 1.5 0.5 0 1.00518
0.072 0.5 0.5 1 0
0.072 0.5 1.50533 1 0
0.072 0.5 0.5 0 1.00533
0.072 1.5 0.5 0 1.00533
0.073 0.5 0.5 1 0
0.073 0.5 1.50548 1 0
0.073 0.5 0.5 0 1.00548
0.073 1.5 0.5 0 1.00548
0.074 0.5 0.5 1 0
0.074 0.5 1.50562 1 0
0.074 0.5 0.5 0 1.00562
0.074 1.5 0.5 0 1.00562
0.075 0.5 0.5 1 0
0.075 0.5 1.50578 1 0
0.075 0.5 0.5 0 1.00578
0.075 1.5 0.5 0 1.00578
0.076 0.5 0.5 1 0
0.076 0.5 1.50593 1 0
0.076 0.5 0.5 0 1.00593
0.076 1.5 0.5 0 1.00593
0.077 0.5 0.5 1 0
0.077 0.5 1.50608 1 0
0.077 0.5 0.5 0 1.00608
0.077 1.5 0.5 0 1.00608
0.078 0.5 0.5 1 0
0.078 0.5 1.50624 1 0
0.078 0.5 0.5 0 1.00624
0.078 1.5 0.5 0 1.00624
0.079 0.5 0.5 1 0
0.079 0.5 1.5064 1 0
0.079 0.5 0.5 0 1.0064
0.079 1.5 0.5 0 1.0064
0.08 0.5 0.5 1 0
0.08 0.5 1.50656 1 0
0.08 0.5 0.5 0 1.00656
0.08 1.5 0.5 0 1.00656
0.081 0.5 0.5 1 0
0.081 0.5 1.50672 1 0
0.081 0.5 0.5 0 1.00672
0.081 1.5 0.5 0 1.00672
0.082 0.5 0.5 1 0
0.082 0.5 1.50689 1 0
0.082 0.5 0.5 0 1.00689
0.082 1.5 0.5 0 1.00689
0.083 0.5 0.5 1 0
0.083 0.5 1.50706 1 0
0.083 0.5 0.5 0 1.00706
0.083 1.5 0.5 0 1.00706
0.084 0.5 0.5 1 0
0.084 0.5 1.50722 1 0
0.084 0.5 0.5 0 1.00722
0.084 1.5 0.5 0 1.00722
0.085 0.5 0.5 1 0
0.085 0.5 1.5074 1 0
0.085 0.5 0.5 0 1.0074
0.085 1.5 0.5 0 1.0074
0.086 0.5 0.5 1 0
0.086 0.5 1.50757 1 0
0.086 0.5 0.5 0 1.00757
0.086 1.5 0.5 0 1.00757
0.087 0.5 0.5 1 0
0.087 0.5 1.50774 1 0
0.087 0.5 0.5 0 1.00774
0.087 1.5 0.5 0 1.00774
0.088 0.5 0.5 1 0
0.088 0.5 1.50792 1 0
0.088 0.5 0.5 0 1.00792
0.088 1.5 0.5 0 1.00792
0.089 0.5 0.5 1 0
0.089 0.5 1.5081 1 0
0.089 0.5 0.5 0 1.0081
0.089 1.5 0.5 0 1.0081
0.09 0.5 0.5 1 0
0.09 0.5 1.50828 1 0
0.09 0.5 0.5 0 1.00828
0.09 1.5 0.5 0 1.00828
0.091 0.5 0.5 1 0
0.091 0.5 1.50846 1 0
0.091 0.5 0.5 0 1.00846
0.091 1.5 0.5 0 1.00846
0.092 0.5 0.5 1 0
0.092 0.5 1.50865 1 0
0.092 0.5 0.5 0 1.00865
0.092 1.5 0.5 0 1.00865
0.093 0.5 0.5 1 0
0.093 0.5 1.50884 1 0
0.093 0.5 0.5 0 1.00884
0.093 1.5 0.5 0 1.00884
0.094 0.5 0.5 1 0
0.094 0.5 1.50902 1 0
0.094 0.5 0.5 0 1.00902
0.094 1.5 0.5 0 1.00902
0.095 0.5 0.5 1 0
0.095 0.5 1.50922 1 0
0.095 0.5 0.5 0 1.00922
0.095 1.5 0.5 0 1.00922
0.096 0.5 0.5 1 0
0.096 0.5 1.50941 1 0
0.096 0.5 0.5 0 1.00941
0.096 1.5 0.5 0 1.00941
0.097 0.5 0.5 1 0
0.097 0.5 1.5096 1 0
0.097 0.5 0.5 0 1.0096
0.097 1.5 0.5 0 1.0096
0.098 0.5 0.5 1 0
0.098 0.5 1.5098 1 0
0.098 0.5 0.5 0 1.0098
0.098 1.5 0.5 0 1.0098
0.099 0.5 0.5 1 0
0.099 0.5 1.51 1 0
0.099 0.5 0.5 0 1.01
0.099 1.5 0.5 0 1.01
0.1 0.5 0.5 1 0
0.1 0.5 1.5102 1 0
0.1 0.5 0.5 0 1.0102
0.1 1.5 0.5 0 1.0102
0.101 0.5 0.5 1 0
0.101 0.5 1.5104 1 0
0.101 0.5 0.5 0 1.0104
0.101 1.5 0.5 0 1.0104
0.102 0.5 0.5 1 0
0.102 0.5 1.51061 1 0
0.102 0.5 0.5 0 1.01061
0.102 1.5 0.5 0 1.01061
0.103 0.5 0.5 1 0
0.103 0.5 1.51082 1 0
0.103 0.5 0.5 0 1.01082
0.103 1.5 0.5 0 1.01082
0.104 0.5 0.5 1 0
0.104 0.5 1.51102 1 0
0.104 0.5 0.5 0 1.01102
0.104 1.5 0.5 0 1.01102
0.105 0.5 0.5 1 0
0.105 0.5 1.51124 1 0
0.105 0.5 0.5 0 1.01124
0.105 1.5 0.5 0 1.01124
0.106 0.5 0.5 1 0
0.106 0.5 1.51145 1 0
0.106 0.5 0.5 0 1.01145
0.106 1.5 0.5 0 1.01145
0.107 0.5 0.5 1 0
0.107 0.5 1.51166 1 0
0.107 0.5 0.5 0 1.01166
0.107 1.5 0.5 0 1.01166
0.108 0.5 0.5 1 0
0.108 0.5 1.51188 1 0
0.108 0.5 0.5 0 1.01188
0.108 1.5 0.5 0 1.01188
0.109 0.5 0.5 1 0
0.109 0.5 1.5121 1 0
0.109 0.5 0.5 0 1.0121
0.109 1.5 0.5 0 1.0121
0.11 0.5 0.5 1 0
0.11 0.5 1.51232 1 0
0.11 0.5 0.5 0 1.01232
0.11 1.5 0.5 0 1.01232
0.111 0.5 0.5 1 0
0.111 0.5 1.51254 1 0
0.111 0.5 0.5 0 1.01254
0.111 1.5 0.5 0 1.01254
0.112 0.5 0.5 1 0
0.112 0.5 1.51277 1 0
0.112 0.5 0.5 0 1.01277
0.112 1.5 0.5 0 1.01277
0.113 0.5 0.5 1 0
0.113 0.5 1.513 1 0
0.113 0.5 0.5 0 1.013
0.113 1.5 0.5 0 1.013
0.114 0.5 0.5 1 0
0.114 0.5 1.51322 1 0
0.114 0.5 0.5 0 1.01322
0.114 1.5 0.5 0 1.01322
0.115 0.5 0.5 1 0
0.115 0.5 1.51346 1 0
0.115 0.5 0.5 0 1.01346
0.115 1.5 0.5 0 1.01346
0.116 0.5 0.5 1 0
0.116 0.5 1.51369 1 0
0.116 0.5 0.5 0 1.01369
0.116 1.5 0.5 0 1.01369
0.117 0.5 0.5 1 0
0.117 0.5 1.51392 1 0
0.117 0.5 0.5 0 1.01392
0.117 1.5 0.5 0 1.01392
0.118 0.5 0.5 1 0
0.118 0.5 1.51416 1 0
0.118 0.5 0.5 0 1.01416
0.118 1.5 0.5 0 1.01416
0.119 0.5 0.5 1 0
0.119 0.5 1.5144 1 0
0.119 0.5 0.5 0 1.0144
0.119 1.5 0.5 0 1.0144
0.12 0.5 0.5 1 0
0.12 0.5 1.51464 1 0
0.12 0.5 0.5 0 1.01464
0.12 1.5 0.5 0 1.01464
0.121 0.5 0.5 1 0
0.121 0.5 1.51488 1 0
0.121 0.5 0.5 0 1.01488
0.121 1.5 0.5 0 1.01488
0.122 0.5 0.5 1 0
0.122 0.5 1.51513 1 0
0.122 0.5 0.5 0 1.01513
0.122 1.5 0.5 0 1.01513
0.123 0.5 0.5 1 0
0.123 0.5 1.51538 1 0
0.123 0.5 0.5 0 1.01538
0.123 1.5 0.5 0 1.01538
0.124 0.5 0.5 1 0
0.124 0.5 1.51562 1 0
0.124 0.5 0.5 0 1.01562
0.124 1.5 0.5 0 1.01562
0.125 0.5 0.5 1 0
0.125 0.5 1.51588 1 0
0.125 0.5 0.5 0 1.01588
0.125 1.5 0.5 0 1.01588
0.126 0.5 0.5 1 0
0.126 0.5 1.51613 1 0
0.126 0.5 0.5 0 1.01613
0.126 1.5 0.5 0 1.01613
0.127 0.5 0.5 1 0
0.127 0.5 1.51638 1 0
0.127 0.5 0.5 0 1.01638
0.127 1.5 0.5 0 1.01638
0.128 0.5 0.5 1 0
0.128 0.5 1.51664 1 0
0.128 0.5 0.5 0 1.01664
0.128 1.5 0.5 0 1.01664
0.129 0.5 0.5 1 0
0.129 0.5 1.5169 1 0
0.129 0.5 0.5 0 1.0169
0.129 1.5 0.5 0 1.0169
0.13 0.5 0.5 1 0
0.13 0.5 1.51716 1 0
0.13 0.5 0.5 0 1.01716
0.13 1.5 0.5 0 1.01716
0.131 0.5 0.5 1 0
0.131 0.5 1.51742 1 0
0.131 0.5 0.5 0 1.01742
0.131 1.5 0.5 0 1.01742
0.132 0.5 0.5 1 0
0.132 0.5 1.51769 1 0
0.132 0.5 0.5 0 1.01769
0.132 1.5 0.5 0 1.01769
0.133 0.5 0.5 1 0
0.133 0.5 1.51796 1 0
0.133 0.5 0.5 0 1.01796
0.133 1.5 0.5 0 1.01796
0.134 0.5 0.5 1 0
0.134 0.5 1.51822 1 0
0.134 0.5 0.5 0 1.01822
0.134 1.5 0.5 0 1.01822
0.135 0.5 0.5 1 0
0.135 0.5 1.5185 1 0
0.135 0.5 0.5 0 1.0185
0.135 1.5 0.5 0 1.0185
0.136 0.5 0.5 1 0
0.136 0.5 1.51877 1 0
0.136 0.5 0.5 0 1.01877
0.136 1.5 0.5 0 1.01877
0.137 0.5 0.5 1 0
0.137 0.5 1.51904 1 0
0.137 0.5 0.5 0 1.01904
0.137 1.5 0.5 0 1.01904
0.138 0.5 0.5 1 0
0.138 0.5 1.51932 1 0
0.138 0.5 0.5 0 1.01932
0.138 1.5 0.5 0 1.01932
0.139 0.5 0.5 1 0
0.139 0.5 1.5196 1 0
0.139 0.5 0.5 0 1.0196
0.139 1.5 0.5 0 1.0196
0.14 0.5 0.5 1 0
0.14 0.5 1.51988 1 0
0.14 0.5 0.5 0 1.01988
0.14 1.5 0.5 0 1.01988
0.141 0.5 0.5 1 0
0.141 0.5 1.52016 1 0
0.141 0.5 0.5 0 1.02016
0.141 1.5 0.5 0 1.02016
0.142 0.5 0.5 1 0
0.142 0.5 1.52045 1 0
0.142 0.5 0.5 0 1.02045
0.142 1.5 0.5 0 1.02045
0.143 0.5 0.5 1 0
0.143 0.5 1.52074 1 0
0.143 0.5 0.5 0 1.02074
0.143 1.5 0.5 0 1.02074
0.144 0.5 0.5 1 0
0.144 0.5 1.52102 1 0
0.144 0.5 0.5 0 1.02102
0.144 1.5 0.5 0 1.02102
0.145 0.5 0.5 1 0
0.145 0.5 1.52132 1 0
0.145 0.5 0.5 0 1.02132
0.145 1.5 0.5 0 1.02132
0.146 0.5 0.5 1 0
0.146 0.5 1.52161 1 0
0.146 0.5 0.5 0 1.02161
0.146 1.5 0.5 0 1.02161
0.147 0.5 0.5 1 0
0.147 0.5 1.5219 1 0
0.147 0.5 0.5 0 1.0219
0.147 1.5 0.5 0 1.0219
0.148 0.5 0.5 1 0
0.148 0.5 1.5222 1 0
0.148 0.5 0.5 0 1.0222
0.148 1.5 0.5 0 1.0222
0.149 0.5 0.5 1 0
0.149 0.5 1.5225 1 0
0.149 0.5 0.5 0 1.0225
0.149 1.5 0.5 0 1.0225
0.15 0.5 0.5 1 0
0.15 0.5 1.5228 1 0
0.15 0.5 0.5 0 1.0228
0.15 1.5 0.5 0 1.0228
0.151 0.5 0.5 1 0
0.151 0.5 1.5231 1 0
0.151 0.5 0.5 0 1.0231
0.151 1.5 0.5 0 1.0231
0.152 0.5 0.5 1 0
0.152 0.5 1.52341 1 0
0.152 0.5 0.5 0 1.02341
0.152 1.5 0.5 0 1.02341
0.153 0.5 0.5 1 0
0.153 0.5 1.52372 1 0
0.153 0.5 0.5 0 1.02372
0.153 1.5 0.5 0 1.02372
0.154 0.5 0.5 1 0
0.154 0.5 1.52402 1 0
0.154 0.5 0.5 0 1.02402
0.154 1.5 0.5 0 1.02402
0.155 0.5 0.5 1 0
0.155 0.5 1.52434 1 0
0.155 0.5 0.5 0 1.02434
0.155 1.5 0.5 0 1.02434
0.156 0.5 0.5 1 0
0.156 0.5 1.52465 1 0
0.156 0.5 0.5 0 1.02465
0.156 1.5 0.5 0 1.02465
0.157 0.5 0.5 1 0
0.157 0.5 1.52496 1 0
0.157 0.5 0.5 0 1.02496
0.157 1.5 0.5 0 1.02496
0.158 0.5 0.5 1 0
0.158 0.5 1.52528 1 0
0.158 0.5 0.5 0 1.02528
0.158 1.5 0.5 0 1.02528
0.159 0.5 0.5 1 0
0.159 0.5 1.5256 1 0
0.159 0.5 0.5 0 1.0256
0.159 1.5 0.5 0 1.0256
0.16 0.5 0.5 1 0
0.16 0.5 1.52592 1 0
0.16 0.5 0.5 0 1.02592
0.16 1.5 0.5 0 1.02592
0.161 0.5 0.5 1 0
0.161 0.5 1.52624 1 0
0.161 0.5 0.5 0 1.02624
0.161 1.5 0.5 0 1.02624
0.162 0.5 0.5 1 0
0.162 0.5 1.52657 1 0
0.162 0.5 0.5 0 1.02657
0.162 1.5 0.5 0 1.02657
0.163 0.5 0.5 1 0
0.163 0.5 1.5269 1 0
0.163 0.5 0.5 0 1.0269
0.163 1.5 0.5 0 1.0269
0.164 0.5 0.5 1 0
0.164 0.5 1.52722 1 0
0.164 0.5 0.5 0 1.02722
0.164 1.5 0.5 0 1.02722
0.165 0.5 0.5 1 0
0.165 0.5 1.52756 1 0
0.165 0.5 0.5 0 1.02756
0.165 1.5 0.5 0 1.02756
0.166 0.5 0.5 1 0
0.166 0.5 1.52789 1 0
0.166 0.5 0.5 0 1.02789
0.166 1.5 0.5 0 1.02789
0.167 0.5 0.5 1 0
0.167 0.5 1.52822 1 0
0.167 0.5 0.5 0 1.02822
0.167 1.5 0.5 0 1.02822
0.168 0.5 0.5 1 0
0.168 0.5 1.52856 1 0
0.168 0.5 0.5 0 1.02856
0.168 1.5 0.5 0 1.02856
0.169 0.5 0.5 1 0
0.169 0.5 1.5289 1 0
0.169 0.5 0.5 0 1.0289
0.169 1.5 0.5 0 1.0289
0.17 0.5 0.5 1 0
0.17 0.5 1.52924 1 0
0.17 0.5 0.5 0 1.02924
0.17 1.5 0.5 0 1.02924
0.171 0.5 0.5 1 0
0.171 0.5 1.52958 1 0
0.171 0.5 0.5 0 1.02958
0.171 1.5 0.5 0 1.02958
0.172 0.5 0.5 1 0
0.172 0.5 1.52993 1 0
0.172 0.5 0.5 0 1.02993
0.172 1.5 0.5 0 1.02993
0.173 0.5 0.5 1 0
0.173 0.5 1.53028 1 0
0.173 0.5 0.5 0 1.03028
0.173 1.5 0.5 0 1.03028
0.174 0.5 0.5 1 0
0.174 0.5 1.53062 1 0
0.174 0.5 0.5 0 1.03062
0.174 1.5 0.5 0 1.03062
0.175 0.5 0.5 1 0
0.175 0.5 1.53098 1 0
0.175 0.5 0.5 0 1.03098
0.175 1.5 0.5 0 1.03098
0.176 0.5 0.5 1 0
0.176 0.5 1.53133 1 0
0.176 0.5 0.5 0 1.03133
0.176 1.5 0.5 0 1.03133
0.177 0.5 0.5 1 0
0.177 0.5 1.53168 1 0
0.177 0.5 0.5 0 1.03168
0.177 1.5 0.5 0 1.03168
0.178 0.5 0.5 1 0
0.178 0.5 1.53204 1 0
0.178 0.5 0.5 0 1.03204
0.178 1.5 0.5 0 1.03204
0.179 0.5 0.5 1 0
0.179 0.5 1.5324 1 0
0.179 0.5 0.5 0 1.0324
0.179 1.5 0.5 0 1.0324
0.18 0.5 0.5 1 0
0.18 0.5 1.53276 1 0
0.18 0.5 0.5 0 1.03276
0.18 1.5 0.5 0 1.03276
0.181 0.5 0.5 1 0
0.181 0.5 1.53312 1 0
0.181 0.5 0.5 0 1.03312
0.181 1.5 0.5 0 1.03312
0.182 0.5 0.5 1 0
0.182 0.5 1.53349 1 0
0.182 0.5 0.5 0 1.03349
0.182 1.5 0.5 0 1.03349
0.183 0.5 0.5 1 0
0.183 0.5 1.53386 1 0
0.183 0.5 0.5 0 1.03386
0.183 1.5 0.5 0 1.03386
0.184 0.5 0.5 1 0
0.184 0.5 1.53422 1 0
0.184 0.5 0.5 0 1.03422
0.184 1.5 0.5 0 1.03422
0.185 0.5 0.5 1 0
0.185 0.5 1.5346 1 0
0.185 0.5 0.5 0 1.0346
0.185 1.5 0.5 0 1.0346
0.186 0.5 0.5 1 0
0.186 0.5 1.53497 1 0
0.186 0.5 0.5 0 1.03497
0.186 1.5 0.5 0 1.03497
0.187 0.5 0.5 1 0
0.187 0.5 1.53534 1 0
0.187 0.5 0.5 0 1.03534
0.187 1.5 0.5 0 1.03534
0.188 0.5 0.5 1 0
0.188 0.5 1.53572 1 0
0.188 0.5 0.5 0 1.03572
0.188 1.5 0.5 0 1.03572
0.189 0.5 0.5 1 0
0.189 0.5 1.5361 1 0
0.189 0.5 0.5 0 1.0361
0.189 1.5 0.5 0 1.0361
0.19 0.5 0.5 1 0
0.19 0.5 1.53648 1 0
0.19 0.5 0.5 0 1.03648
0.19 1.5 0.5 0 1.03648
0.191 0.5 0.5 1 0
0.191 0.5 1.53686 1 0
0.191 0.5 0.5 0 1.03686
0.191 1.5 0.5 0 1.03686
0.192 0.5 0.5 1 0
0.192 0.5 1.53725 1 0
0.192 0.5 0.5 0 1.03725
0.192 1.5 0.5 0 1.03725
0.193 0.5 0.5 1 0
0.193 0.5 1.53764 1 0
0.193 0.5 0.5 0 1.03764
0.193 1.5 0.5 0 1.03764
0.194 0.5 0.5 1 0
0.194 0.5 1.53802 1 0
0.194 0.5 0.5 0 1.03802
0.194 1.5 0.5 0 1.03802
0.195 0.5 0.5 1 0
0.195 0.5 1.53842 1 0
0.195 0.5 0.5 0 1.03842
0.195 1.5 0.5 0 1.03842
0.196 0.5 0.5 1 0
0.196 0.5 1.53881 1 0
0.196 0.5 0.5 0 1.03881
0.196 1.5 0.5 0 1.03881
0.197 0.5 0.5 1 0
0.197 0.5 1.5392 1 0
0.197 0.5 0.5 0 1.0392
0.197 1.5 0.5 0 1.0392
0.198 0.5 0.5 1 0
0.198 0.5 1.5396 1 0
0.198 0.5 0.5 0 1.0396
0.198 1.5 0.5 0 1.0396
0.199 0.5 0.5 1 0
0.199 0.5 1.54 1 0
0.199 0.5 0.5 0 1.04
0.199 1.5 0.5 0 1.04
0.2 0.5 0.5 1 0
0.2 0.5 1.5404 1 0
0.2 0.5 0.5 0 1.0404
0.2 1.5 0.5 0 1.0404
0.201 0.5 0.5 1 0
0.201 0.5 1.5408 1 0
0.201 0.5 0.5 0 1.0408
0.201 1.5 0.5 0 1.0408
0.202 0.5 0.5 1 0
0.202 0.5 1.54121 1 0
0.202 0.5 0.5 0 1.04121
0.202 1.5 0.5 0 1.04121
0.203 0.5 0.5 1 0
0.203 0.5 1.54162 1 0
0.203 0.5 0.5 0 1.04162
0.203 1.5 0.5 0 1.04162
0.204 0.5 0.5 1 0
0.204 0.5 1.54202 1 0
0.204 0.5 0.5 0 1.04202
0.204 1.5 0.5 0 1.04202
0.205 0.5 0.5 1 0
0.205 0.5 1.54244 1 0
0.205 0.5 0.5 0 1.04244
0.205 1.5 0.5 0 1.04244
0.206 0.5 0.5 1 0
0.206 0.5 1.54285 1 0
0.206 0.5 0.5 0 1.04285
0.206 1.5 0.5 0 1.04285
0.207 0.5 0.5 1 0
0.207 0.5 1.54326 1 0
0.207 0.5 0.5 0 1.04326
0.207 1.5 0.5 0 1.04326
0.208 0.5 0.5 1 0
0.208 0.5 1.54368 1 0
0.208 0.5 0.5 0 1.04368
0.208 1.5 0.5 0 1.04368
0.209 0.5 0.5 1 0
0.209 0.5 1.5441 1 0
0.209 0.5 0.5 0 1.0441
0.209 1.5 0.5 0 1.0441
0.21 0.5 0.5 1 0
0.21 0.5 1.54452 1 0
0.21 0.5 0.5 0 1.04452
0.21 1.5 0.5 0 1.04452
0.211 0.5 0.5 1 0
0.211 0.5 1.54494 1 0
0.211 0.5 0.5 0 1.04494
0.211 1.5 0.5 0 1.04494
0.212 0.5 0.5 1 0
0.212 0.5 1.54537 1 0
0.212 0.5 0.5 0 1.04537
0.212 1.5 0.5 0 1.04537
0.213 0.5 0.5 1 0
0.213 0.5 1.5458 1 0
0.213 0.5 0.5 0 1.0458
0.213 1.5 0.5 0 1.0458
0.214 0.5 0.5 1 0
0.214 0.5 1.54622 1 0
0.214 0.5 0.5 0 1.04622
0.214 1.5 0.5 0 1.04622
0.215 0.5 0.5 1 0
0.215 0.5 1.54666 1 0
0.215 0.5 0.5 0 1.04666
0.215 1.5 0.5 0 1.04666
0.216 0.5 0.5 1 0
0.216 0.5 1.54709 1 0
0.216 0.5 0.5 0 1.04709
0.216 1.5 0.5 0 1.04709
0.217 0.5 0.5 1 0
0.217 0.5 1.54752 1 0
0.217 0.5 0.5 0 1.04752
0.217 1.5 0.5 0 1.04752
0.218 0.5 0.5 1 0
0.218 0.5 1.54796 1 0
0.218 0.5 0.5 0 1.04796
0.218 1.5 0.5 0 1.04796
0.219 0.5 0.5 1 0
0.219 0.5 1.5484 1 0
0.219 0.5 0.5 0 1.0484
0.219 1.5 0.5 0 1.0484
0.22 0.5 0.5 1 0
0.22 0.5 1.54884 1 0
0.22 0.5 0.5 0 1.04884
0.22 1.5 0.5 0 1.04884
0.221 0.5 0.5 1 0
0.221 0.5 1.54928 1 0
0.221 0.5 0.5 0 1.04928
0.221 1.5 0.5 0 1.04928
0.222 0.5 0.5 1 0
0.222 0.5 1.54973 1 0
0.222 0.5 0.5 0 1.04973
0.222 1.5 0.5 0 1.04973
0.223 0.5 0.5 1 0
0.223 0.5 1.55018 1 0
0.223 0.5 0.5 0 1.05018
0.223 1.5 0.5 0 1.05018
0.224 0.5 0.5 1 0
0.224 0.5 1.55062 1 0
0.224 0.5 0.5 0 1.05062
0.224 1.5 0.5 0 1.05062
0.225 0.5 0.5 1 0
0.225 0.5 1.55108 1 0
0.225 0.5 0.5 0 1.05108
0.225 1.5 0.5 0 1.05108
0.226 0.5 0.5 1 0
0.226 0.5 1.55153 1 0
0.226 0.5 0.5 0 1.05153
0.226 1.5 0.5 0 1.05153
0.227 0.5 0.5 1 0
0.227 0.5 1.55198 1 0
0.227 0.5 0.5 0 1.05198
0.227 1.5 0.5 0 1.05198
0.228 0.5 0.5 1 0
0.228 0.5 1.55244 1 0
0.228 0.5 0.5 0 1.05244
0.228 1.5 0.5 0 1.05244
0.229 0.5 0.5 1 0
0.229 0.5 1.5529 1 0
0.229 0.5 0.5 0 1.0529
0.229 1.5 0.5 0 1.0529
0.23 0.5 0.5 1 0
0.23 0.5 1.55336 1 0
0.23 0.5 0.5 0 1.05336
0.23 1.5 0.5 0 1.05336
0.231 0.5 0.5 1 0
0.231 0.5 1.55382 1 0
0.231 0.5 0.5 0 1.05382
0.231 1.5 0.5 0 1.05382
0.232 0.5 0.5 1 0
0.232 0.5 1.55429 1 0
0.232 0.5 0.5 0 1.05429
0.232 1.5 0.5 0 1.05429
0.233 0.5 0.5 1 0
0.233 0.5 1.55476 1 0
0.233 0.5 0.5 0 1.05476
0.233 1.5 0.5 0 1.05476
0.234 0.5 0.5 1 0
0.234 0.5 1.55522 1 0
0.234 0.5 0.5 0 1.05522
0.234 1.5 0.5 0 1.05522
0.235 0.5 0.5 1 0
0.235 0.5 1.5557 1 0
0.235 0.5 0.5 0 1.0557
0.235 1.5 0.5 0 1.0557
0.236 0.5 0.5 1 0
0.236 0.5 1.55617 1 0
0.236 0.5 0.5 0 1.05617
0.236 1.5 0.5 0 1.05617
0.237 0.5 0.5 1 0
0.237 0.5 1.55664 1 0
0.237 0.5 0.5 0 1.05664
0.237 1.5 0.5 0 1.05664
0.238 0.5 0.5 1 0
0.238 0.5 1.55712 1 0
0.238 0.5 0.5 0 1.05712
0.238 1.5 0.5 0 1.05712
0.239 0.5 0.5 1 0
0.239 0.5 1.5576 1 0
0.239 0.5 0.5 0 1.0576
0.239 1.5 0.5 0 1.0576
0.24 0.5 0.5 1 0
0.24 0.5 1.55808 1 0
0.24 0.5 0.5 0 1.05808
0.24 1.5 0.5 0 1.05808
0.241 0.5 0.5 1 0
0.241 0.5 1.55856 1 0
0.241 0.5 0.5 0 1.05856
0.241 1.5 0.5 0 1.05856
0.242 0.5 0.5 1 0
0.242 0.5 1.55905 1 0
0.242 0.5 0.5 0 1.05905
0.242 1.5 0.5 0 1.05905
0.243 0.5 0.5 1 0
0.243 0.5 1.55954 1 0
0.243 0.5 0.5 0 1.05954
0.243 1.5 0.5 0 1.05954
0.244 0.5 0.5 1 0
0.244 0.5 1.56002 1 0
0.244 0.5 0.5 0 1.06002
0.244 1.5 0.5 0 1.06002
0.245 0.5 0.5 1 0
0.245 0.5 1.56052 1 0
0.245 0.5 0.5 0 1.06052
0.245 1.5 0.5 0 1.06052
0.246 0.5 0.5 1 0
0.246 0.5 1.56101 1 0
0.246 0.5 0.5 0 1.06101
0.246 1.5 0.5 0 1.06101
0.247 0.5 0.5 1 0
0.247 0.5 1.5615 1 0
0.247 0.5 0.5 0 1.0615
0.247 1.5 0.5 0 1.0615
0.248 0.5 0.5 1 0
0.248 0.5 1.562 1 0
0.248 0.5 0.5 0 1.062
0.248 1.5 0.5 0 1.062
0.249 0.5 0.5 1 0
0.249 0.5 1.5625 1 0
0.249 0.5 0.5 0 1.0625
0.249 1.5 0.5 0 1.0625
0.25 0.5 0.5 1 0
0.25 0.5 1.563 1 0
0.25 0.5 0.5 0 1.063
0.25 1.5 0.5 0 1.063
0.251 0.5 0.5 1 0
0.251 0.5 1.5635 1 0
0.251 0.5 0.5 0 1.0635
0.251 1.5 0.5 0 1.0635
0.252 0.5 0.5 1 0
0.252 0.5 1.56401 1 0
0.252 0.5 0.5 0 1.06401
0.252 1.5 0.5 0 1.06401
0.253 0.5 0.5 1 0
0.253 0.5 1.56452 1 0
0.253 0.5 0.5 0 1.06452
0.253 1.5 0.5 0 1.06452
0.254 0.5 0.5 1 0
0.254 0.5 1.56502 1 0
0.254 0.5 0.5 0 1.06502
0.254 1.5 0.5 0 1.06502
0.255 0.5 0.5 1 0
0.255 0.5 1.56554 1 0
0.255 0.5 0.5 0 1.06554
0.255 1.5 0.5 0 1.06554
0.256 0.5 0.5 1 0
0.256 0.5 1.56605 1 0
0.256 0.5 0.5 0 1.06605
0.256 1.5 0.5 0 1.06605
0.257 0.5 0.5 1 0
0.257 0.5 1.56656 1 0
0.257 0.5 0.5 0 1.06656
0.257 1.5 0.5 0 1.06656
0.258 0.5 0.5 1 0
0.258 0.5 1.56708 1 0
0.258 0.5 0.5 0 1.06708
0.258 1.5 0.5 0 1.06708
0.259 0.5 0.5 1 0
0.259 0.5 1.5676 1 0
0.259 0.5 0.5 0 1.0676
0.259 1.5 0.5 0 1.0676
0.26 0.5 0.5 1 0
0.26 0.5 1.56812 1 0
0.26 0.5 0.5 0 1.06812
0.26 1.5 0.5 0 1.06812
0.261 0.5 0.5 1 0
0.261 0.5 1.56864 1 0
0.261 0.5 0.5 0 1.06864
0.261 1.5 0.5 0 1.06864
0.262 0.5 0.5 1 0
0.262 0.5 1.56917 1 0
0.262 0.5 0.5 0 1.06917
0.262 1.5 0.5 0 1.06917
0.263 0.5 0.5 1 0
0.263 0.5 1.5697 1 0
0.263 0.5 0.5 0 1.0697
0.263 1.5 0.5 0 1.0697
0.264 0.5 0.5 1 0
0.264 0.5 1.57022 1 0
0.264 0.5 0.5 0 1.07022
0.264 1.5 0.5 0 1.07022
0.265 0.5 0.5 1 0
0.265 0.5 1.57076 1 0
0.265 0.5 0.5 0 1.07076
0.265 1.5 0.5 0 1.07076
0.266 0.5 0.5 1 0
0.266 0.5 1.57129 1 0
0.266 0.5 0.5 0 1.07129
0.266 1.5 0.5 0 1.07129
0.267 0.5 0.5 1 0
0.267 0.5 1.57182 1 0
0.267 0.5 0.5 0 1.07182
0.267 1.5 0.5 0 1.07182
0.268 0.5 0.5 1 0
0.268 0.5 1.57236 1 0
0.268 0.5 0.5 0 1.07236
0.268 1.5 0.5 0 1.07236
0.269 0.5 0.5 1 0
0.269 0.5 1.5729 1 0
0.269 0.5 0.5 0 1.0729
0.269 1.5 0.5 0 1.0729
0.27 0.5 0.5 1 0
0.27 0.5 1.57344 1 0
0.27 0.5 0.5 0 1.07344
0.27 1.5 0.5 0 1.07344
0.271 0.5 0.5 1 0
0.271 0.5 1.57398 1 0
0.271 0.5 0.5 0 1.07398
0.271 1.5 0.5 0 1.07398
0.272 0.5 0.5 1 0
0.272 0.5 1.57453 1 0
0.272 0.5 0.5 0 1.07453
0.272 1.5 0.5 0 1.07453
0.273 0.5 0.5 1 0
0.273 0.5 1.57508 1 0
0.273 0.5 0.5 0 1.07508
0.273 1.5 0.5 0 1.07508
0.274 0.5 0.5 1 0
0.274 0.5 1.57562 1 0
0.274 0.5 0.5 0 1.07562
0.274 1.5 0.5 0 1.07562
0.275 0.5 0.5 1 0
0.275 0.5 1.57618 1 0
0.275 0.5 0.5 0 1.07618
0.275 1.5 0.5 0 1.07618
0.276 0.5 0.5 1 0
0.276 0.5 1.57673 1 0
0.276 0.5 0.5 0 1.07673
0.276 1.5 0.5 0 1.07673
0.277 0.5 0.5 1 0
0.277 0.5 1.57728 1 0
0.277 0.5 0.5 0 1.07728
0.277 1.5 0.5 0 1.07728
0.278 0.5 0.5 1 0
0.278 0.5 1.57784 1 0
0.278 0.5 0.5 0 1.07784
0.278 1.5 0.5 0 1.07784
0.279 0.5 0.5 1 0
0.279 0.5 1.5784 1 0
0.279 0.5 0.5 0 1.0784
0.279 1.5 0.5 0 1.0784
0.28 0.5 0.5 1 0
0.28 0.5 1.57896 1 0
0.28 0.5 0.5 0 1.07896
0.28 1.5 0.5 0 1.07896
0.281 0.5 0.5 1 0
0.281 0.5 1.57952 1 0
0.281 0.5 0.5 0 1.07952
0.281 1.5 0.5 0 1.07952
0.282 0.5 0.5 1 0
0.282 0.5 1.58009 1 0
0.282 0.5 0.5 0 1.08009
0.282 1.5 0.5 0 1.08009
0.283 0.5 0.5 1 0
0.283 0.5 1.58066 1 0
0.283 0.5 0.5 0 1.08066
0.283 1.5 0.5 0 1.08066
0.284 0.5 0.5 1 0
0.284 0.5 1.58122 1 0
0.284 0.5 0.5 0 1.08122
0.284 1.5 0.5 0 1.08122
0.285 0.5 0.5 1 0
0.285 0.5 1.5818 1 0
0.285 0.5 0.5 0 1.0818
0.285 1.5 0.5 0 1.0818
0.286 0.5 0.5 1 0
0.286 0.5 1.58237 1 0
0.286 0.5 0.5 0 1.08237
0.286 1.5 0.5 0 1.08237
0.287 0.5 0.5 1 0
0.287 0.5 1.58294 1 0
0.287 0.5 0.5 0 1.08294
0.287 1.5 0.5 0 1.08294
0.288 0.5 0.5 1 0
0.288 0.5 1.58352 1 0
0.288 0.5 0.5 0 1.08352
0.288 1.5 0.5 0 1.08352
0.289 0.5 0.5 1 0
0.289 0.5 1.5841 1 0
0.289 0.5 0.5 0 1.0841
0.289 1.5 0.5 0 1.0841
0.29 0.5 0.5 1 0
0.29 0.5 1.58468 1 0
0.29 0.5 0.5 0 1.08468
0.29 1.5 0.5 0 1.08468
0.291 0.5 0.5 1 0
0.291 0.5 1.58526 1 0
0.291 0.5 0.5 0 1.08526
0.291 1.5 0.5 0 1.08526
0.292 0.5 0.5 1 0
0.292 0.5 1.58585 1 0
0.292 0.5 0.5 0 1.08585
0.292 1.5 0.5 0 1.08585
0.293 0.5 0.5 1 0
0.293 0.5 1.58644 1 0
0.293 0.5 0.5 0 1.08644
0.293 1.5 0.5 0 1.08644
0.294 0.5 0.5 1 0
0.294 0.5 1.58702 1 0
0.294 0.5 0.5 0 1.08702
0.294 1.5 0.5 0 1.08702
0.295 0.5 0.5 1 0
0.295 0.5 1.58762 1 0
0.295 0.5 0.5 0 1.08762
0.295 1.5 0.5 0 1.08762
0.296 0.5 0.5 1 0
0.296 0.5 1.58821 1 0
0.296 0.5 0.5 0 1.08821
0.296 1.5 0.5 0 1.08821
0.297 0.5 0.5 1 0
0.297 0.5 1.5888 1 0
0.297 0.5 0.5 0 1.0888
0.297 1.5 0.5 0 1.0888
0.298 0.5 0.5 1 0
0.298 0.5 1.5894 1 0
0.298 0.5 0.5 0 1.0894
0.298 1.5 0.5 0 1.0894
0.299 0.5 0.5 1 0
0.299 0.5 1.59 1 0
0.299 0.5 0.5 0 1.09
0.299 1.5 0.5 0 1.09
0.3 0.5 0.5 1 0
0.3 0.5 1.5906 1 0
0.3 0.5 0.5 0 1.0906
0.3 1.5 0.5 0 1.0906
0.301 0.5 0.5 1 0
0.301 0.5 1.5912 1 0
0.301 0.5 0.5 0 1.0912
0.301 1.5 0.5 0 1.0912
0.302 0.5 0.5 1 0
0.302 0.5 1.59181 1 0
0.302 0.5 0.5 0 1.09181
0.302 1.5 0.5 0 1.09181
0.303 0.5 0.5 1 0
0.303 0.5 1.59242 1 0
0.303 0.5 0.5 0 1.09242
0.303 1.5 0.5 0 1.09242
0.304 0.5 0.5 1 0
0.304 0.5 1.59302 1 0
0.304 0.5 0.5 0 1.09302
0.304 1.5 0.5 0 1.09302
0.305 0.5 0.5 1 0
0.305 0.5 1.59364 1 0
0.305 0.5 0.5 0 1.09364
0.305 1.5 0.5 0 1.09364
0.306 0.5 0.5 1 0
0.306 0.5 1.59425 1 0
0.306 0.5 0.5 0 1.09425
0.306 1.5 0.5 0 1.09425
0.307 0.5 0.5 1 0
0.307 0.5 1.59486 1 0
0.307 0.5 0.5 0 1.09486
0.307 1.5 0.5 0 1.09486
0.308 0.5 0.5 1 0
0.308 0.5 1.59548 1 0
0.308 0.5 0.5 0 1.09548
0.308 1.5 0.5 0 1.09548
0.309 0.5 0.5 1 0
0.309 0.5 1.5961 1 0
0.309 0.5 0.5 0 1.0961
0.309 1.5 0.5 0 1.0961
0.31 0.5 0.5 1 0
0.31 0.5 1.59672 1 0
0.31 0.5 0.5 0 1.09672
0.31 1.5 0.5 0 1.09672
0.311 0.5 0.5 1 0
0.311 0.5 1.59734 1 0
0.311 0.5 0.5 0 1.09734
0.311 1.5 0.5 0 1.09734
0.312 0.5 0.5 1 0
0.312 0.5 1.59797 1 0
0.312 0.5 0.5 0 1.09797
0.312 1.5 0.5 0 1.09797
0.313 0.5 0.5 1 0
0.313 0.5 1.5986 1 0
0.313 0.5 0.5 0 1.0986
0.313 1.5 0.5 0 1.0986
0.314 0.5 0.5 1 0
0.314 0.5 1.59922 1 0
0.314 0.5 0.5 0 1.09922
0.314 1.5 0.5 0 1.09922
0.315 0.5 0.5 1 0
0.315 0.5 1.59986 1 0
0.315 0.5 0.5 0 1.09986
0.315 1.5 0.5 0 1.09986
0.316 0.5 0.5 1 0
0.316 0.5 1.60049 1 0
0.316 0.5 0.5 0 1.10049
0.316 1.5 0.5 0 1.10049
0.317 0.5 0.5 1 0
0.317 0.5 1.60112 1 0
0.317 0.5 0.5 0 1.10112
0.317 1.5 0.5 0 1.10112
0.318 0.5 0.5 1 0
0.318 0.5 1.60176 1 0
0.318 0.5 0.5 0 1.10176
0.318 1.5 0.5 0 1.10176
0.319 0.5 0.5 1 0
0.319 0.5 1.6024 1 0
0.319 0.5 0.5 0 1.1024
0.319 1.5 0.5 0 1.1024
0.32 0.5 0.5 1 0
0.32 0.5 1.60304 1 0
0.32 0.5 0.5 0 1.10304
0.32 1.5 0.5 0 1.10304
0.321 0.5 0.5 1 0
0.321 0.5 1.60368 1 0
0.321 0.5 0.5 0 1.10368
0.321 1.5 0.5 0 1.10368
0.322 0.5 0.5 1 0
0.322 0.5 1.60433 1 0
0.322 0.5 0.5 0 1.10433
0.322 1.5 0.5 0 1.10433
0.323 0.5 0.5 1 0
0.323 0.5 1.60498 1 0
0.323 0.5 0.5 0 1.10498
0.323 1.5 0.5 0 1.10498
0.324 0.5 0.5 1 0
0.324 0.5 1.60562 1 0
0.324 0.5 0.5 0 1.10562
0.324 1.5 0.5 0 1.10562
0.325 0.5 0.5 1 0
0.325 0.5 1.60628 1 0
0.325 0.5 0.5 0 1.10628
0.325 1.5 0.5 0 1.10628
0.326 0.5 0.5 1 0
0.326 0.5 1.60693 1 0
0.326 0.5 0.5 0 1.10693
0.326 1.5 0.5 0 1.10693
0.327 0.5 0.5 1 0
0.327 0.5 1.60758 1 0
0.327 0.5 0.5 0 1.10758
0.327 1.5 0.5 0 1.10758
0.328 0.5 0.5 1 0
0.328 0.5 1.60824 1 0
0.328 0.5 0.5 0 1.10824
0.328 1.5 0.5 0 1.10824
0.329 0.5 0.5 1 0
0.329 0.5 1.6089 1 0
0.329 0.5 0.5 0 1.1089
0.329 1.5 0.5 0 1.1089
0.33 0.5 0.5 1 0
0.33 0.5 1.60956 1 0
0.33 0.5 0.5 0 1.10956
0.33 1.5 0.5 0 1.10956
0.331 0.5 0.5 1 0
0.331 0.5 1.61022 1 0
0.331 0.5 0.5 0 1.11022
0.331 1.5 0.5 0 1.11022
0.332 0.5 0.5 1 0
0.332 0.5 1.61089 1 0
0.332 0.5 0.5 0 1.11089
0.332 1.5 0.5 0 1.11089
0.333 0.5 0.5 1 0
0.333 0.5 1.61156 1 0
0.333 0.5 0.5 0 1.11156
0.333 1.5 0.5 0 1.11156
0.334 0.5 0.5 1 0
0.334 0.5 1.61222 1 0
0.334 0.5 0.5 0 1.11222
0.334 1.5 0.5 0 1.11222
0.335 0.5 0.5 1 0
0.335 0.5 1.6129 1 0
0.335 0.5 0.5 0 1.1129
0.335 1.5 0.5 0 1.1129
0.336 0.5 0.5 1 0
0.336 0.5 1.61357 1 0
0.336 0.5 0.5 0 1.11357
0.336 1.5 0.5 0 1.11357
0.337 0.5 0.5 1 0
0.337 0.5 1.61424 1 0
0.337 0.5 0.5 0 1.11424
0.337 1.5 0.5 0 1.11424
0.338 0.5 0.5 1 0
0.338 0.5 1.61492 1 0
0.338 0.5 0.5 0 1.11492
0.338 1.5 0.5 0 1.11492
0.339 0.5 0.5 1 0
0.339 0.5 1.6156 1 0
0.339 0.5 0.5 0 1.1156
0.339 1.5 0.5 0 1.1156
0.34 0.5 0.5 1 0
0.34 0.5 1.61628 1 0
0.34 0.5 0.5 0 1.11628
0.34 1.5 0.5 0 1.11628
0.341 0.5 0.5 1 0
0.341 0.5 1.61696 1 0
0.341 0.5 0.5 0 1.11696
0.341 1.5 0.5 0 1.11696
0.342 0.5 0.5 1 0
0.342 0.5 1.61765 1 0
0.342 0.5 0.5 0 1.11765
0.342 1.5 0.5 0 1.11765
0.343 0.5 0.5 1 0
0.343 0.5 1.61834 1 0
0.343 0.5 0.5 0 1.11834
0.343 1.5 0.5 0 1.11834
0.344 0.5 0.5 1 0
0.344 0.5 1.61902 1 0
0.344 0.5 0.5 0 1.11902
0.344 1.5 0.5 0 1.11902
0.345 0.5 0.5 1 0
0.345 0.5 1.61972 1 0
0.345 0.5 0.5 0 1.11972
0.345 1.5 0.5 0 1.11972
0.346 0.5 0.5 1 0
0.346 0.5 1.62041 1 0
0.346 0.5 0.5 0 1.12041
0.346 1.5 0.5 0 1.12041
0.347 0.5 0.5 1 0
0.347 0.5 1.6211 1 0
0.347 0.5 0.5 0 1.1211
0.347 1.5 0.5 0 1.1211
0.348 0.5 0.5 1 0
0.348 0.5 1.6218 1 0
0.348 0.5 0.5 0 1.1218
0.348 1.5 0.5 0 1.1218
0.349 0.5 0.5 1 0
0.349 0.5 1.6225 1 0
0.349 0.5 0.5 0 1.1225
0.349 1.5 0.5 0 1.1225
0.35 0.5 0.5 1 0
0.35 0.5 1.6232 1 0
0.35 0.5 0.5 0 1.1232
0.35 1.5 0.5 0 1.1232
0.351 0.5 0.5 1 0
0.351 0.5 1.6239 1 0
0.351 0.5 0.5 0 1.1239
0.351 1.5 0.5 0 1.1239
0.352 0.5 0.5 1 0
0.352 0.5 1.62461 1 0
0.352 0.5 0.5 0 1.12461
0.352 1.5 0.5 0 1.12461
0.353 0.5 0.5 1 0
0.353 0.5 1.62532 1 0
0.353 0.5 0.5 0 1.12532
0.353 1.5 0.5 0 1.12532
0.354 0.5 0.5 1 0
0.354 0.5 1.62602 1 0
0.354 0.5 0.5 0 1.12602
0.354 1.5 0.5 0 1.12602
0.355 0.5 0.5 1 0
0.355 0.5 1.62674 1 0
0.355 0.5 0.5 0 1.12674
0.355 1.5 0.5 0 1.12674
0.356 0.5 0.5 1 0
0.356 0.5 1.62745 1 0
0.356 0.5 0.5 0 1.12745
0.356 1.5 0.5 0 1.12745
0.357 0.5 0.5 1 0
0.357 0.5 1.62816 1 0
0.357 0.5 0.5 0 1.12816
0.357 1.5 0.5 0 1.12816
0.358 0.5 0.5 1 0
0.358 0.5 1.62888 1 0
0.358 0.5 0.5 0 1.12888
0.358 1.5 0.5 0 1.12888
0.359 0.5 0.5 1 0
0.359 0.5 1.6296 1 0
0.359 0.5 0.5 0 1.1296
0.359 1.5 0.5 0 1.1296
0.36 0.5 0.5 1 0
0.36 0.5 1.63032 1 0
0.36 0.5 0.5 0 1.13032
0.36 1.5 0.5 0 1.13032
0.361 0.5 0.5 1 0
0.361 0.5 1.63104 1 0
0.361 0.5 0.5 0 1.13104
0.361 1.5 0.5 0 1.13104
0.362 0.5 0.5 1 0
0.362 0.5 1.63177 1 0
0.362 0.5 0.5 0 1.13177
0.362 1.5 0.5 0 1.13177
0.363 0.5 0.5 1 0
0.363 0.5 1.6325 1 0
0.363 0.5 0.5 0 1.1325
0.363 1.5 0.5 0 1.1325
0.364 0.5 0.5 1 0
0.364 0.5 1.63322 1 0
0.364 0.5 0.5 0 1.13322
0.364 1.5 0.5 0 1.13322
0.365 0.5 0.5 1 0
0.365 0.5 1.63396 1 0
0.365 0.5 0.5 0 1.13396
0.365 1.5 0.5 0 1.13396
0.366 0.5 0.5 1 0
0.366 0.5 1.63469 1 0
0.366 0.5 0.5 0 1.13469
0.366 1.5 0.5 0 1.13469
0.367 0.5 0.5 1 0
0.367 0.5 1.63542 1 0
0.367 0.5 0.5 0 1.13542
0.367 1.5 0.5 0 1.13542
0.368 0.5 0.5 1 0
0.368 0.5 1.63616 1 0
0.368 0.5 0.5 0 1.13616
0.368 1.5 0.5 0 1.13616
0.369 0.5 0.5 1 0
0.369 0.5 1.6369 1 0
0.369 0.5 0.5 0 1.1369
0.369 1.5 0.5 0 1.1369
0.37 0.5 0.5 1 0
0.37 0.5 1.63764 1 0
0.37 0.5 0.5 0 1.13764
0.37 1.5 0.5 0 1.13764
0.371 0.5 0.5 1 0
0.371 0.5 1.63838 1 0
0.371 0.5 0.5 0 1.13838
0.371 1.5 0.5 0 1.13838
0.372 0.5 0.5 1 0
0.372 0.5 1.63913 1 0
0.372 0.5 0.5 0 1.13913
0.372 1.5 0.5 0 1.13913
0.373 0.5 0.5 1 0
0.373 0.5 1.63988 1 0
0.373 0.5 0.5 0 1.13988
0.373 1.5 0.5 0 1.13988
0.374 0.5 0.5 1 0
0.374 0.5 1.64062 1 0
0.374 0.5 0.5 0 1.14062
0.374 1.5 0.5 0 1.14062
0.375 0.5 0.5 1 0
0.375 0.5 1.64138 1 0
0.375 0.5 0.5 0 1.14138
0.375 1.5 0.5 0 1.14138
0.376 0.5 0.5 1 0
0.376 0.5 1.64213 1 0
0.376 0.5 0.5 0 1.14213
0.376 1.5 0.5 0 1.14213
0.377 0.5 0.5 1 0
0.377 0.5 1.64288 1 0
0.377 0.5 0.5 0 1.14288
0.377 1.5 0.5 0 1.14288
0.378 0.5 0.5 1 0
0.378 0.5 1.64364 1 0
0.378 0.5 0.5 0 1.14364
0.378 1.5 0.5 0 1.14364
0.379 0.5 0.5 1 0
0.379 0.5 1.6444 1 0
0.379 0.5 0.5 0 1.1444
0.379 1.5 0.5 0 1.1444
0.38 0.5 0.5 1 0
0.38 0.5 1.64516 1 0
0.38 0.5 0.5 0 1.14516
0.38 1.5 0.5 0 1.14516
0.381 0.5 0.5 1 0
0.381 0.5 1.64592 1 0
0.381 0.5 0.5 0 1.14592
0.381 1.5 0.5 0 1.14592
0.382 0.5 0.5 1 0
0.382 0.5 1.64669 1 0
0.382 0.5 0.5 0 1.14669
0.382 1.5 0.5 0 1.14669
0.383 0.5 0.5 1 0
0.383 0.5 1.64746 1 0
0.383 0.5 0.5 0 1.14746
0.383 1.5 0.5 0 1.14746
0.384 0.5 0.5 1 0
0.384 0.5 1.64822 1 0
0.384 0.5 0.5 0 1.14822
0.384 1.5 0.5 0 1.14822
0.385 0.5 0.5 1 0
0.385 0.5 1.649 1 0
0.385 0.5 0.5 0 1.149
0.385 1.5 0.5 0 1.149
0.386 0.5 0.5 1 0
0.386 0.5 1.64977 1 0
0.386 0.5 0.5 0 1.14977
0.386 1.5 0.5 0 1.14977
0.387 0.5 0.5 1 0
0.387 0.5 1.65054 1 0
0.387 0.5 0.5 0 1.15054
0.387 1.5 0.5 0 1.15054
0.388 0.5 0.5 1 0
0.388 0.5 1.65132 1 0
0.388 0.5 0.5 0 1.15132
0.388 1.5 0.5 0 1.15132
0.389 0.5 0.5 1 0
0.389 0.5 1.6521 1 0
0.389 0.5 0.5 0 1.1521
0.389 1.5 0.5 0 1.1521
0.39 0.5 0.5 1 0
0.39 0.5 1.65288 1 0
0.39 0.5 0.5 0 1.15288
0.39 1.5 0.5 0 1.15288
0.391 0.5 0.5 1 0
0.391 0.5 1.65366 1 0
0.391 0.5 0.5 0 1.15366
0.391 1.5 0.5 0 1.15366
0.392 0.5 0.5 1 0
0.392 0.5 1.65445 1 0
0.392 0.5 0.5 0 1.15445
0.392 1.5 0.5 0 1.15445
0.393 0.5 0.5 1 0
0.393 0.5 1.65524 1 0
0.393 0.5 0.5 0 1.15524
0.393 1.5 0.5 0 1.15524
0.394 0.5 0.5 1 0
0.394 0.5 1.65602 1 0
0.394 0.5 0.5 0 1.15602
0.394 1.5 0.5 0 1.15602
0.395 0.5 0.5 1 0
0.395 0.5 1.65682 1 0
0.395 0.5 0.5 0 1.15682
0.395 1.5 0.5 0 1.15682
0.396 0.5 0.5 1 0
0.396 0.5 1.65761 1 0
0.396 0.5 0.5 0 1.15761
0.396 1.5 0.5 0 1.15761
0.397 0.5 0.5 1 0
0.397 0.5 1.6584 1 0
0.397 0.5 0.5 0 1.1584
0.397 1.5 0.5 0 1.1584
0.398 0.5 0.5 1 0
0.398 0.5 1.6592 1 0
0.398 0.5 0.5 0 1.1592
0.398 1.5 0.5 0 1.1592
0.399 0.5 0.5 1 0
0.399 0.5 1.66 1 0
0.399 0.5 0.5 0 1.16
0.399 1.5 0.5 0 1.16
0.4 0.5 0.5 1 0
0.4 0.5 1.6608 1 0
0.4 0.5 0.5 0 1.1608
0.4 1.5 0.5 0 1.1608
0.401 0.5 0.5 1 0
0.401 0.5 1.6616 1 0
0.401 0.5 0.5 0 1.1616
0.401 1.5 0.5 0 1.1616
0.402 0.5 0.5 1 0
0.402 0.5 1.66241 1 0
0.402 0.5 0.5 0 1.16241
0.402 1.5 0.5 0 1.16241
0.403 0.5 0.5 1 0
0.403 0.5 1.66322 1 0
0.403 0.5 0.5 0 1.16322
0.403 1.5 0.5 0 1.16322
0.404 0.5 0.5 1 0
0.404 0.5 1.66402 1 0
0.404 0.5 0.5 0 1.16402
0.404 1.5 0.5 0 1.16402
0.405 0.5 0.5 1 0
0.405 0.5 1.66484 1 0
0.405 0.5 0.5 0 1.16484
0.405 1.5 0.5 0 1.16484
0.406 0.5 0.5 1 0
0.406 0.5 1.66565 1 0
0.406 0.5 0.5 0 1.16565
0.406 1.5 0.5 0 1.16565
0.407 0.5 0.5 1 0
0.407 0.5 1.66646 1 0
0.407 0.5 0.5 0 1.16646
0.407 1.5 0.5 0 1.16646
0.408 0.5 0.5 1 0
0.408 0.5 1.66728 1 0
0.408 0.5 0.5 0 1.16728
0.408 1.5 0.5 0 1.16728
0.409 0.5 0.5 1 0
0.409 0.5 1.6681 1 0
0.409 0.5 0.5 0 1.1681
0.409 1.5 0.5 0 1.1681
0.41 0.5 0.5 1 0
0.41 0.5 1.66892 1 0
0.41 0.5 0.5 0 1.16892
0.41 1.5 0.5 0 1.16892
0.411 0.5 0.5 1 0
0.411 0.5 1.66974 1 0
0.411 0.5 0.5 0 1.16974
0.411 1.5 0.5 0 1.16974
0.412 0.5 0.5 1 0
0.412 0.5 1.67057 1 0
0.412 0.5 0.5 0 1.17057
0.412 1.5 0.5 0 1.17057
0.413 0.5 0.5 1 0
0.413 0.5 1.6714 1 0
0.413 0.5 0.5 0 1.1714
0.413 1.5 0.5 0 1.1714
0.414 0.5 0.5 1 0
0.414 0.5 1.67222 1 0
0.414 0.5 0.5 0 1.17222
0.414 1.5 0.5 0 1.17222
0.415 0.5 0.5 1 0
0.415 0.5 1.67306 1 0
0.415 0.5 0.5 0 1.17306
0.415 1.5 0.5 0 1.17306
0.416 0.5 0.5 1 0
0.416 0.5 1.67389 1 0
0.416 0.5 0.5 0 1.17389
0.416 1.5 0.5 0 1.17389
0.417 0.5 0.5 1 0
0.417 0.5 1.67472 1 0
0.417 0.5 0.5 0 1.17472
0.417 1.5 0.5 0 1.17472
0.418 0.5 0.5 1 0
0.418 0.5 1.67556 1 0
0.418 0.5 0.5 0 1.17556
0.418 1.5 0.5 0 1.17556
0.419 0.5 0.5 1 0
0.419 0.5 1.6764 1 0
0.419 0.5 0.5 0 1.1764
0.419 1.5 0.5 0 1.1764
0.42 0.5 0.5 1 0
0.42 0.5 1.67724 1 0
0.42 0.5 0.5 0 1.17724
0.42 1.5 0.5 0 1.17724
0.421 0.5 0.5 1 0
0.421 0.5 1.67808 1 0
0.421 0.5 0.5 0 1.17808
0.421 1.5 0.5 0 1.17808
0.422 0.5 0.5 1 0
0.422 0.5 1.67893 1 0
0.422 0.5 0.5 0 1.17893
0.422 1.5 0.5 0 1.17893
0.423 0.5 0.5 1 0
0.423 0.5 1.67978 1 0
0.423 0.5 0.5 0 1.17978
0.423 1.5 0.5 0 1.17978
0.424 0.5 0.5 1 0
0.424 0.5 1.68062 1 0
0.424 0.5 0.5 0 1.18062
0.424 1.5 0.5 0 1.18062
0.425 0.5 0.5 1 0
0.425 0.5 1.68148 1 0
0.425 0.5 0.5 0 1.18148
0.425 1.5 0.5 0 1.18148
0.426 0.5 0.5 1 0
0.426 0.5 1.68233 1 0
0.426 0.5 0.5 0 1.18233
0.426 1.5 0.5 0 1.18233
0.427 0.5 0.5 1 0
0.427 0.5 1.68318 1 0
0.427 0.5 0.5 0 1.18318
0.427 1.5 0.5 0 1.18318
0.428 0.5 0.5 1 0
0.428 0.5 1.68404 1 0
0.428 0.5 0.5 0 1.18404
0.428 1.5 0.5 0 1.18404
0.429 0.5 0.5 1 0
0.429 0.5 1.6849 1 0
0.429 0.5 0.5 0 1.1849
0.429 1.5 0.5 0 1.1849
0.43 0.5 0.5 1 0
0.43 0.5 1.68576 1 0
0.43 0.5 0.5 0 1.18576
0.43 1.5 0.5 0 1.18576
0.431 0.5 0.5 1 0
0.431 0.5 1.68662 1 0
0.431 0.5 0.5 0 1.18662
0.431 1.5 0.5 0 1.18662
0.432 0.5 0.5 1 0
0.432 0.5 1.68749 1 0
0.432 0.5 0.5 0 1.18749
0.432 1.5 0.5 0 1.18749
0.433 0.5 0.5 1 0
0.433 0.5 1.68836 1 0
0.433 0.5 0.5 0 1.18836
0.433 1.5 0.5 0 1.18836
0.434 0.5 0.5 1 0
0.434 0.5 1.68922 1 0
0.434 0.5 0.5 0 1.18922
0.434 1.5 0.5 0 1.18922
0.435 0.5 0.5 1 0
0.435 0.5 1.6901 1 0
0.435 0.5 0.5 0 1.1901
0.435 1.5 0.5 0 1.1901
0.436 0.5 0.5 1 0
0.436 0.5 1.69097 1 0
0.436 0.5 0.5 0 1.19097
0.436 1.5 0.5 0 1.19097
0.437 0.5 0.5 1 0
0.437 0.5 1.69184 1 0
0.437 0.5 0.5 0 1.19184
0.437 1.5 0.5 0 1.19184
0.438 0.5 0.5 1 0
0.438 0.5 1.69272 1 0
0.438 0.5 0.5 0 1.19272
0.438 1.5 0.5 0 1.19272
0.439 0.5 0.5 1 0
0.439 0.5 1.6936 1 0
0.439 0.5 0.5 0 1.1936
0.439 1.5 0.5 0 1.1936
0.44 0.5 0.5 1 0
0.44 0.5 1.69448 1 0
0.44 0.5 0.5 0 1.19448
0.44 1.5 0.5 0 1.19448
0.441 0.5 0.5 1 0
0.441 0.5 1.69536 1 0
0.441 0.5 0.5 0 1.19536
0.441 1.5 0.5 0 1.19536
0.442 0.5 0.5 1 0
0.442 0.5 1.69625 1 0
0.442 0.5 0.5 0 1.19625
0.442 1.5 0.5 0 1.19625
0.443 0.5 0.5 1 0
0.443 0.5 1.69714 1 0
0.443 0.5 0.5 0 1.19714
0.443 1.5 0.5 0 1.19714
0.444 0.5 0.5 1 0
0.444 0.5 1.69802 1 0
0.444 0.5 0.5 0 1.19802
0.444 1.5 0.5 0 1.19802
0.445 0.5 0.5 1 0
0.445 0.5 1.69892 1 0
0.445 0.5 0.5 0 1.19892
0.445 1.5 0.5 0 1.19892
0.446 0.5 0.5 1 0
0.446 0.5 1.69981 1 0
0.446 0.5 0.5 0 1.19981
0.446 1.5 0.5 0 1.19981
0.447 0.5 0.5 1 0
0.447 0.5 1.7007 1 0
0.447 0.5 0.5 0 1.2007
0.447 1.5 0.5 0 1.2007
0.448 0.5 0.5 1 0
0.448 0.5 1.7016 1 0
0.448 0.5 0.5 0 1.2016
0.448 1.5 0.5 0 1.2016
0.449 0.5 0.5 1 0
0.449 0.5 1.7025 1 0
0.449 0.5 0.5 0 1.2025
0.449 1.5 0.5 0 1.2025
0.45 0.5 0.5 1 0
0.45 0.5 1.7034 1 0
0.45 0.5 0.5 0 1.2034
0.45 1.5 0.5 0 1.2034
0.451 0.5 0.5 1 0
0.451 0.5 1.7043 1 0
0.451 0.5 0.5 0 1.2043
0.451 1.5 0.5 0 1.2043
0.452 0.5 0.5 1 0
0.452 0.5 1.70521 1 0
0.452 0.5 0.5 0 1.20521
0.452 1.5 0.5 0 1.20521
0.453 0.5 0.5 1 0
0.453 0.5 1.70612 1 0
0.453 0.5 0.5 0 1.20612
0.453 1.5 0.5 0 1.20612
0.454 0.5 0.5 1 0
0.454 0.5 1.70702 1 0
0.454 0.5 0.5 0 1.20702
0.454 1.5 0.5 0 1.20702
0.455 0.5 0.5 1 0
0.455 0.5 1.70794 1 0
0.455 0.5 0.5 0 1.20794
0.455 1.5 0.5 0 1.20794
0.456 0.5 0.5 1 0
0.456 0.5 1.70885 1 0
0.456 0.5 0.5 0 1.20885
0.456 1.5 0.5 0 1.20885
0.457 0.5 0.5 1 0
0.457 0.5 1.70976 1 0
0.457 0.5 0.5 0 1.20976
0.457 1.5 0.5 0 1.20976
0.458 0.5 0.5 1 0
0.458 0.5 1.71068 1 0
0.458 0.5 0.5 0 1.21068
0.458 1.5 0.5 0 1.21068
0.459 0.5 0.5 1 0
0.459 0.5 1.7116 1 0
0.459 0.5 0.5 0 1.2116
0.459 1.5 0.5 0 1.2116
0.46 0.5 0.5 1 0
0.46 0.5 1.71252 1 0
0.46 0.5 0.5 0 1.21252
0.46 1.5 0.5 0 1.21252
0.461 0.5 0.5 1 0
0.461 0.5 1.71344 1 0
0.461 0.5 0.5 0 1.21344
0.461 1.5 0.5 0 1.21344
0.462 0.5 0.5 1 0
0.462 0.5 1.71437 1 0
0.462 0.5 0.5 0 1.21437
0.462 1.5 0.5 0 1.21437
0.463 0.5 0.5 1 0
0.463 0.5 1.7153 1 0
0.463 0.5 0.5 0 1.2153
0.463 1.5 0.5 0 1.2153
0.464 0.5 0.5 1 0
0.464 0.5 1.71622 1 0
0.464 0.5 0.5 0 1.21622
0.464 1.5 0.5 0 1.21622
0.465 0.5 0.5 1 0
0.465 0.5 1.71716 1 0
0.465 0.5 0.5 0 1.21716
0.465 1.5 0.5 0 1.21716
0.466 0.5 0.5 1 0
0.466 0.5 1.71809 1 0
0.466 0.5 0.5 0 1.21809
0.466 1.5 0.5 0 1.21809
0.467 0.5 0.5 1 0
0.467 0.5 1.71902 1 0
0.467 0.5 0.5 0 1.21902
0.467 1.5 0.5 0 1.21902
0.468 0.5 0.5 1 0
0.468 0.5 1.71996 1 0
0.468 0.5 0.5 0 1.21996
0.468 1.5 0.5 0 1.21996
0.469 0.5 0.5 1 0
0.469 0.5 1.7209 1 0
0.469 0.5 0.5 0 1.2209
0.469 1.5 0.5 0 1.2209
0.47 0.5 0.5 1 0
0.47 0.5 1.72184 1 0
0.47 0.5 0.5 0 1.22184
0.47 1.5 0.5 0 1.22184
0.471 0.5 0.5 1 0
0.471 0.5 1.72278 1 0
0.471 0.5 0.5 0 1.22278
0.471 1.5 0.5 0 1.22278
0.472 0.5 0.5 1 0
0.472 0.5 1.72373 1 0
0.472 0.5 0.5 0 1.22373
0.472 1.5 0.5 0 1.22373
0.473 0.5 0.5 1 0
0.473 0.5 1.72468 1 0
0.473 0.5 0.5 0 1.22468
0.473 1.5 0.5 0 1.22468
0.474 0.5 0.5 1 0
0.474 0.5 1.72562 1 0
0.474 0.5 0.5 0 1.22562
0.474 1.5 0.5 0 1.22562
0.475 0.5 0.5 1 0
0.475 0.5 1.72658 1 0
0.475 0.5 0.5 0 1.22658
0.475 1.5 0.5 0 1.22658
0.476 0.5 0.5 1 0
0.476 0.5 1.72753 1 0
0.476 0.5 0.5 0 1.22753
0.476 1.5 0.5 0 1.22753
0.477 0.5 0.5 1 0
0.477 0.5 1.72848 1 0
0.477 0.5 0.5 0 1.22848
0.477 1.5 0.5 0 1.22848
0.478 0.5 0.5 1 0
0.478 0.5 1.72944 1 0
0.478 0.5 0.5 0 1.22944
0.478 1.5 0.5 0 1.22944
0.479 0.5 0.5 1 0
0.479 0.5 1.7304 1 0
0.479 0.5 0.5 0 1.2304
0.479 1.5 0.5 0 1.2304
0.48 0.5 0.5 1 0
0.48 0.5 1.73136 1 0
0.48 0.5 0.5 0 1.23136
0.48 1.5 0.5 0 1.23136
0.481 0.5 0.5 1 0
0.481 0.5 1.73232 1 0
0.481 0.5 0.5 0 1.23232
0.481 1.5 0.5 0 1.23232
0.482 0.5 0.5 1 0
0.482 0.5 1.73329 1 0
0.482 0.5 0.5 0 1.23329
0.482 1.5 0.5 0 1.23329
0.483 0.5 0.5 1 0
0.483 0.5 1.73426 1 0
0.483 0.5 0.5 0 1.23426
0.483 1.5 0.5 0 1.23426
0.484 0.5 0.5 1 0
0.484 0.5 1.73522 1 0
0.484 0.5 0.5 0 1.23522
0.484 1.5 0.5 0 1.23522
0.485 0.5 0.5 1 0
0.485 0.5 1.7362 1 0
0.485 0.5 0.5 0 1.2362
0.485 1.5 0.5 0 1.2362
0.486 0.5 0.5 1 0
0.486 0.5 1.73717 1 0
0.486 0.5 0.5 0 1.23717
0.486 1.5 0.5 0 1.23717
0.487 0.5 0.5 1 0
0.487 0.5 1.73814 1 0
0.487 0.5 0.5 0 1.23814
0.487 1.5 0.5 0 1.23814
0.488 0.5 0.5 1 0
0.488 0.5 1.73912 1 0
0.488 0.5 0.5 0 1.23912
0.488 1.5 0.5 0 1.23912
0.489 0.5 0.5 1 0
0.489 0.5 1.7401 1 0
0.489 0.5 0.5 0 1.2401
0.489 1.5 0.5 0 1.2401
0.49 0.5 0.5 1 0
0.49 0.5 1.74108 1 0
0.49 0.5 0.5 0 1.24108
0.49 1.5 0.5 0 1.24108
0.491 0.5 0.5 1 0
0.491 0.5 1.74206 1 0
0.491 0.5 0.5 0 1.24206
0.491 1.5 0.5 0 1.24206
0.492 0.5 0.5 1 0
0.492 0.5 1.74305 1 0
0.492 0.5 0.5 0 1.24305
0.492 1.5 0.5 0 1.24305
0.493 0.5 0.5 1 0
0.493 0.5 1.74404 1 0
0.493 0.5 0.5 0 1.24404
0.493 1.5 0.5 0 1.24404
0.494 0.5 0.5 1 0
0.494 0.5 1.74502 1 0
0.494 0.5 0.5 0 1.24502
0.494 1.5 0.5 0 1.24502
0.495 0.5 0.5 1 0
0.495 0.5 1.74602 1 0
0.495 0.5 0.5 0 1.24602
0.495 1.5 0.5 0 1.24602
0.496 0.5 0.5 1 0
0.496 0.5 1.74701 1 0
0.496 0.5 0.5 0 1.24701
0.496 1.5 0.5 0 1.24701
0.497 0.5 0.5 1 0
0.497 0.5 1.748 1 0
0.497 0.5 0.5 0 1.248
0.497 1.5 0.5 0 1.248
0.498 0.5 0.5 1 0
0.498 0.5 1.749 1 0
0.498 0.5 0.5 0 1.249
0.498 1.5 0.5 0 1.249
0.499 0.5 0.5 1 0
0.499 0.5 1.75 1 0
0.499 0.5 0.5 0 1.25
0.499 1.5 0.5 0 1.25
0.5 0.5 0.5 1 0
0.5 0.5 1.751 1 0
0.5 0.5 0.5 0 1.251
0.5 1.5 0.5 0 1.251
0.501 0.5 0.5 1 0
0.501 0.5 1.752 1 0
0.501 0.5 0.5 0 1.252
0.501 1.5 0.5 0 1.252
0.502 0.5 0.5 1 0
0.502 0.5 1.75301 1 0
0.502 0.5 0.5 0 1.25301
0.502 1.5 0.5 0 1.25301
0.503 0.5 0.5 1 0
0.503 0.5 1.75402 1 0
0.503 0.5 0.5 0 1.25402
0.503 1.5 0.5 0 1.25402
0.504 0.5 0.5 1 0
0.504 0.5 1.75502 1 0
0.504 0.5 0.5 0 1.25502
0.504 1.5 0.5 0 1.25502
0.505 0.5 0.5 1 0
0.505 0.5 1.75604 1 0
0.505 0.5 0.5 0 1.25604
0.505 1.5 0.5 0 1.25604
0.506 0.5 0.5 1 0
0.506 0.5 1.75705 1 0
0.506 0.5 0.5 0 1.25705
0.506 1.5 0.5 0 1.25705
0.507 0.5 0.5 1 0
0.507 0.5 1.75806 1 0
0.507 0.5 0.5 0 1.25806
0.507 1.5 0.5 0 1.25806
0.508 0.5 0.5 1 0
0.508 0.5 1.75908 1 0
0.508 0.5 0.5 0 1.25908
0.508 1.5 0.5 0 1.25908
0.509 0.5 0.5 1 0
0.509 0.5 1.7601 1 0
0.509 0.5 0.5 0 1.2601
0.509 1.5 0.5 0 1.2601
0.51 0.5 0.5 1 0
0.51 0.5 1.76112 1 0
0.51 0.5 0.5 0 1.26112
0.51 1.5 0.5 0 1.26112
0.511 0.5 0.5 1 0
0.511 0.5 1.76214 1 0
0.511 0.5 0.5 0 1.26214
0.511 1.5 0.5 0 1.26214
0.512 0.5 0.5 1 0
0.512 0.5 1.76317 1 0
0.512 0.5 0.5 0 1.26317
0.512 1.5 0.5 0 1.26317
0.513 0.5 0.5 1 0
0.513 0.5 1.7642 1 0
0.513 0.5 0.5 0 1.2642
0.513 1.5 0.5 0 1.2642
0.514 0.5 0.5 1 0
0.514 0.5 1.76522 1 0
0.514 0.5 0.5 0 1.26522
0.514 1.5 0.5 0 1.26522
0.515 0.5 0.5 1 0
0.515 0.5 1.76626 1 0
0.515 0.5 0.5 0 1.26626
0.515 1.5 0.5 0 1.26626
0.516 0.5 0.5 1 0
0.516 0.5 1.76729 1 0
0.516 0.5 0.5 0 1.26729
0.516 1.5 0.5 0 1.26729
0.517 0.5 0.5 1 0
0.517 0.5 1.76832 1 0
0.517 0.5 0.5 0 1.26832
0.517 1.5 0.5 0 1.26832
0.518 0.5 0.5 1 0
0.518 0.5 1.76936 1 0
0.518 0.5 0.5 0 1.26936
0.518 1.5 0.5 0 1.26936
0.519 0.5 0.5 1 0
0.519 0.5 1.7704 1 0
0.519 0.5 0.5 0 1.2704
0.519 1.5 0.5 0 1.2704
0.52 0.5 0.5 1 0
0.52 0.5 1.77144 1 0
0.52 0.5 0.5 0 1.27144
0.52 1.5 0.5 0 1.27144
0.521 0.5 0.5 1 0
0.521 0.5 1.77248 1 0
0.521 0.5 0.5 0 1.27248
0.521 1.5 0.5 0 1.27248
0.522 0.5 0.5 1 0
0.522 0.5 1.77353 1 0
0.522 0.5 0.5 0 1.27353
0.522 1.5 0.5 0 1.27353
0.523 0.5 0.5 1 0
0.523 0.5 1.77458 1 0
0.523 0.5 0.5 0 1.27458
0.523 1.5 0.5 0 1.27458
0.524 0.5 0.5 1 0
0.524 0.5 1.77562 1 0
0.524 0.5 0.5 0 1.27562
0.524 1.5 0.5 0 1.27562
0.525 0.5 0.5 1 0
0.525 0.5 1.77668 1 0
0.525 0.5 0.5 0 1.27668
0.525 1.5 0.5 0 1.27668
0.526 0.5 0.5 1 0
0.526 0.5 1.77773 1 0
0.526 0.5 0.5 0 1.27773
0.526 1.5 0.5 0 1.27773
0.527 0.5 0.5 1 0
0.527 0.5 1.77878 1 0
0.527 0.5 0.5 0 1.27878
0.527 1.5 0.5 0 1.27878
0.528 0.5 0.5 1 0
0.528 0.5 1.77984 1 0
0.528 0.5 0.5 0 1.27984
0.528 1.5 0.5 0 1.27984
0.529 0.5 0.5 1 0
0.529 0.5 1.7809 1 0
0.529 0.5 0.5 0 1.2809
0.529 1.5 0.5 0 1.2809
0.53 0.5 0.5 1 0
0.53 0.5 1.78196 1 0
0.53 0.5 0.5 0 1.28196
0.53 1.5 0.5 0 1.28196
0.531 0.5 0.5 1 0
0.531 0.5 1.78302 1 0
0.531 0.5 0.5 0 1.28302
0.531 1.5 0.5 0 1.28302
0.532 0.5 0.5 1 0
0.532 0.5 1.78409 1 0
0.532 0.5 0.5 0 1.28409
0.532 1.5 0.5 0 1.28409
0.533 0.5 0.5 1 0
0.533 0.5 1.78516 1 0
0.533 0.5 0.5 0 1.28516
0.533 1.5 0.5 0 1.28516
0.534 0.5 0.5 1 0
0.534 0.5 1.78622 1 0
0.534 0.5 0.5 0 1.28622
0.534 1.5 0.5 0 1.28622
0.535 0.5 0.5 1 0
0.535 0.5 1.7873 1 0
0.535 0.5 0.5 0 1.2873
0.535 1.5 0.5 0 1.2873
0.536 0.5 0.5 1 0
0.536 0.5 1.78837 1 0
0.536 0.5 0.5 0 1.28837
0.536 1.5 0.5 0 1.28837
0.537 0.5 0.5 1 0
0.537 0.5 1.78944 1 0
0.537 0.5 0.5 0 1.28944
0.537 1.5 0.5 0 1.28944
0.538 0.5 0.5 1 0
0.538 0.5 1.79052 1 0
0.538 0.5 0.5 0 1.29052
0.538 1.5 0.5 0 1.29052
0.539 0.5 0.5 1 0
0.539 0.5 1.7916 1 0
0.539 0.5 0.5 0 1.2916
0.539 1.5 0.5 0 1.2916
0.54 0.5 0.5 1 0
0.54 0.5 1.79268 1 0
0.54 0.5 0.5 0 1.29268
0.54 1.5 0.5 0 1.29268
0.541 0.5 0.5 1 0
0.541 0.5 1.79376 1 0
0.541 0.5 0.5 0 1.29376
0.541 1.5 0.5 0 1.29376
0.542 0.5 0.5 1 0
0.542 0.5 1.79485 1 0
0.542 0.5 0.5 0 1.29485
0.542 1.5 0.5 0 1.29485
0.543 0.5 0.5 1 0
0.543 0.5 1.79594 1 0
0.543 0.5 0.5 0 1.29594
0.543 1.5 0.5 0 1.29594
0.544 0.5 0.5 1 0
0.544 0.5 1.79702 1 0
0.544 0.5 0.5 0 1.29702
0.544 1.5 0.5 0 1.29702
0.545 0.5 0.5 1 0
0.545 0.5 1.79812 1 0
0.545 0.5 0.5 0 1.29812
0.545 1.5 0.5 0 1.29812
0.546 0.5 0.5 1 0
0.546 0.5 1.79921 1 0
0.546 0.5 0.5 0 1.29921
0.546 1.5 0.5 0 1.29921
0.547 0.5 0.5 1 0
0.547 0.5 1.8003 1 0
0.547 0.5 0.5 0 1.3003
0.547 1.5 0.5 0 1.3003
0.548 0.5 0.5 1 0
0.548 0.5 1.8014 1 0
0.548 0.5 0.5 0 1.3014
0.548 1.5 0.5 0 1.3014
0.549 0.5 0.5 1 0
0.549 0.5 1.8025 1 0
0.549 0.5 0.5 0 1.3025
0.549 1.5 0.5 0 1.3025
0.55 0.5 0.5 1 0
0.55 0.5 1.8036 1 0
0.55 0.5 0.5 0 1.3036
0.55 1.5 0.5 0 1.3036
0.551 0.5 0.5 1 0
0.551 0.5 1.8047 1 0
0.551 0.5 0.5 0 1.3047
0.551 1.5 0.5 0 1.3047
0.552 0.5 0.5 1 0
0.552 0.5 1.80581 1 0
0.552 0.5 0.5 0 1.30581
0.552 1.5 0.5 0 1.30581
0.553 0.5 0.5 1 0
0.553 0.5 1.80692 1 0
0.553 0.5 0.5 0 1.30692
0.553 1.5 0.5 0 1.30692
0.554 0.5 0.5 1 0
0.554 0.5 1.80802 1 0
0.554 0.5 0.5 0 1.30802
0.554 1.5 0.5 0 1.30802
0.555 0.5 0.5 1 0
0.555 0.5 1.80914 1 0
0.555 0.5 0.5 0 1.30914
0.555 1.5 0.5 0 1.30914
0.556 0.5 0.5 1 0
0.556 0.5 1.81025 1 0
0.556 0.5 0.5 0 1.31025
0.556 1.5 0.5 0 1.31025
0.557 0.5 0.5 1 0
0.557 0.5 1.81136 1 0
0.557 0.5 0.5 0 1.31136
0.557 1.5 0.5 0 1.31136
0.558 0.5 0.5 1 0
0.558 0.5 1.81248 1 0
0.558 0.5 0.5 0 1.31248
0.558 1.5 0.5 0 1.31248
0.559 0.5 0.5 1 0
0.559 0.5 1.8136 1 0
0.559 0.5 0.5 0 1.3136
0.559 1.5 0.5 0 1.3136
0.56 0.5 0.5 1 0
0.56 0.5 1.81472 1 0
0.56 0.5 0.5 0 1.31472
0.56 1.5 0.5 0 1.31472
0.561 0.5 0.5 1 0
0.561 0.5 1.81584 1 0
0.561 0.5 0.5 0 1.31584
0.561 1.5 0.5 0 1.31584
0.562 0.5 0.5 1 0
0.562 0.5 1.81697 1 0
0.562 0.5 0.5 0 1.31697
0.562 1.5 0.5 0 1.31697
0.563 0.5 0.5 1 0
0.563 0.5 1.8181 1 0
0.563 0.5 0.5 0 1.3181
0.563 1.5 0.5 0 1.3181
0.564 0.5 0.5 1 0
0.564 0.5 1.81922 1 0
0.564 0.5 0.5 0 1.31922
0.564 1.5 0.5 0 1.31922
0.565 0.5 0.5 1 0
0.565 0.5 1.82036 1 0
0.565 0.5 0.5 0 1.32036
0.565 1.5 0.5 0 1.32036
0.566 0.5 0.5 1 0
0.566 0.5 1.82149 1 0
0.566 0.5 0.5 0 1.32149
0.566 1.5 0.5 0 1.32149
0.567 0.5 0.5 1 0
0.567 0.5 1.82262 1 0
0.567 0.5 0.5 0 1.32262
0.567 1.5 0.5 0 1.32262
0.568 0.5 0.5 1 0
0.568 0.5 1.82376 1 0
0.568 0.5 0.5 0 1.32376
0.568 1.5 0.5 0 1.32376
0.569 0.5 0.5 1 0
0.569 0.5 1.8249 1 0
0.569 0.5 0.5 0 1.3249
0.569 1.5 0.5 0 1.3249
0.57 0.5 0.5 1 0
0.57 0.5 1.82604 1 0
0.57 0.5 0.5 0 1.32604
0.57 1.5 0.5 0 1.32604
0.571 0.5 0.5 1 0
0.571 0.5 1.82718 1 0
0.571 0.5 0.5 0 1.32718
0.571 1.5 0.5 0 1.32718
0.572 0.5 0.5 1 0
0.572 0.5 1.82833 1 0
0.572 0.5 0.5 0 1.32833
0.572 1.5 0.5 0 1.32833
0.573 0.5 0.5 1 0
0.573 0.5 1.82948 1 0
0.573 0.5 0.5 0 1.32948
0.573 1.5 0.5 0 1.32948
0.574 0.5 0.5 1 0
0.574 0.5 1.83062 1 0
0.574 0.5 0.5 0 1.33062
0.574 1.5 0.5 0 1.33062
0.575 0.5 0.5 1 0
0.575 0.5 1.83178 1 0
0.575 0.5 0.5 0 1.33178
0.575 1.5 0.5 0 1.33178
0.576 0.5 0.5 1 0
0.576 0.5 1.83293 1 0
0.576 0.5 0.5 0 1.33293
0.576 1.5 0.5 0 1.33293
0.577 0.5 0.5 1 0
0.577 0.5 1.83408 1 0
0.577 0.5 0.5 0 1.33408
0.577 1.5 0.5 0 1.33408
0.578 0.5 0.5 1 0
0.578 0.5 1.83524 1 0
0.578 0.5 0.5 0 1.33524
0.578 1.5 0.5 0 1.33524
0.579 0.5 0.5 1 0
0.579 0.5 1.8364 1 0
0.579 0.5 0.5 0 1.3364
0.579 1.5 0.5 0 1.3364
0.58 0.5 0.5 1 0
0.58 0.5 1.83756 1 0
0.58 0.5 0.5 0 1.33756
0.58 1.5 0.5 0 1.33756
0.581 0.5 0.5 1 0
0.581 0.5 1.83872 1 0
0.581 0.5 0.5 0 1.33872
0.581 1.5 0.5 0 1.33872
0.582 0.5 0.5 1 0
0.582 0.5 1.83989 1 0
0.582 0.5 0.5 0 1.33989
0.582 1.5 0.5 0 1.33989
0.583 0.5 0.5 1 0
0.583 0.5 1.84106 1 0
0.583 0.5 0.5 0 1.34106
0.583 1.5 0.5 0 1.34106
0.584 0.5 0.5 1 0
0.584 0.5 1.84222 1 0
0.584 0.5 0.5 0 1.34222
0.584 1.5 0.5 0 1.34222
0.585 0.5 0.5 1 0
0.585 0.5 1.8434 1 0
0.585 0.5 0.5 0 1.3434
0.585 1.5 0.5 0 1.3434
0.586 0.5 0.5 1 0
0.586 0.5 1.84457 1 0
0.586 0.5 0.5 0 1.34457
0.586 1.5 0.5 0 1.34457
0.587 0.5 0.5 1 0
0.587 0.5 1.84574 1 0
0.587 0.5 0.5 0 1.34574
0.587 1.5 0.5 0 1.34574
0.588 0.5 0.5 1 0
0.588 0.5 1.84692 1 0
0.588 0.5 0.5 0 1.34692
0.588 1.5 0.5 0 1.34692
0.589 0.5 0.5 1 0
0.589 0.5 1.8481 1 0
0.589 0.5 0.5 0 1.3481
0.589 1.5 0.5 0 1.3481
0.59 0.5 0.5 1 0
0.59 0.5 1.84928 1 0
0.59 0.5 0.5 0 1.34928
0.59 1.5 0.5 0 1.34928
0.591 0.5 0.5 1 0
0.591 0.5 1.85046 1 0
0.591 0.5 0.5 0 1.35046
0.591 1.5 0.5 0 1.35046
0.592 0.5 0.5 1 0
0.592 0.5 1.85165 1 0
0.592 0.5 0.5 0 1.35165
0.592 1.5 0.5 0 1.35165
0.593 0.5 0.5 1 0
0.593 0.5 1.85284 1 0
0.593 0.5 0.5 0 1.35284
0.593 1.5 0.5 0 1.35284
0.594 0.5 0.5 1 0
0.594 0.5 1.85402 1 0
0.594 0.5 0.5 0 1.35402
0.594 1.5 0.5 0 1.35402
0.595 0.5 0.5 1 0
0.595 0.5 1.85522 1 0
0.595 0.5 0.5 0 1.35522
0.595 1.5 0.5 0 1.35522
0.596 0.5 0.5 1 0
0.596 0.5 1.85641 1 0
0.596 0.5 0.5 0 1.35641
0.596 1.5 0.5 0 1.35641
0.597 0.5 0.5 1 0
0.597 0.5 1.8576 1 0
0.597 0.5 0.5 0 1.3576
0.597 1.5 0.5 0 1.3576
0.598 0.5 0.5 1 0
0.598 0.5 1.8588 1 0
0.598 0.5 0.5 0 1.3588
0.598 1.5 0.5 0 1.3588
0.599 0.5 0.5 1 0
0.599 0.5 1.86 1 0
0.599 0.5 0.5 0 1.36
0.599 1.5 0.5 0 1.36
0.6 0.5 0.5 1 0
0.6 0.5 1.8612 1 0
0.6 0.5 0.5 0 1.3612
0.6 1.5 0.5 0 1.3612
0.601 0.5 0.5 1 0
0.601 0.5 1.8624 1 0
0.601 0.5 0.5 0 1.3624
0.601 1.5 0.5 0 1.3624
0.602 0.5 0.5 1 0
0.602 0.5 1.86361 1 0
0.602 0.5 0.5 0 1.36361
0.602 1.5 0.5 0 1.36361
0.603 0.5 0.5 1 0
0.603 0.5 1.86482 1 0
0.603 0.5 0.5 0 1.36482
0.603 1.5 0.5 0 1.36482
0.604 0.5 0.5 1 0
0.604 0.5 1.86602 1 0
0.604 0.5 0.5 0 1.36602
0.604 1.5 0.5 0 1.36602
0.605 0.5 0.5 1 0
0.605 0.5 1.86724 1 0
0.605 0.5 0.5 0 1.36724
0.605 1.5 0.5 0 1.36724
0.606 0.5 0.5 1 0
0.606 0.5 1.86845 1 0
0.606 0.5 0.5 0 1.36845
0.606 1.5 0.5 0 1.36845
0.607 0.5 0.5 1 0
0.607 0.5 1.86966 1 0
0.607 0.5 0.5 0 1.36966
0.607 1.5 0.5 0 1.36966
0.608 0.5 0.5 1 0
0.608 0.5 1.87088 1 0
0.608 0.5 0.5 0 1.37088
0.608 1.5 0.5 0 1.37088
0.609 0.5 0.5 1 0
0.609 0.5 1.8721 1 0
0.609 0.5 0.5 0 1.3721
0.609 1.5 0.5 0 1.3721
0.61 0.5 0.5 1 0
0.61 0.5 1.87332 1 0
0.61 0.5 0.5 0 1.37332
0.61 1.5 0.5 0 1.37332
0.611 0.5 0.5 1 0
0.611 0.5 1.87454 1 0
0.611 0.5 0.5 0 1.37454
0.611 1.5 0.5 0 1.37454
0.612 0.5 0.5 1 0
0.612 0.5 1.87577 1 0
0.612 0.5 0.5 0 1.37577
0.612 1.5 0.5 0 1.37577
0.613 0.5 0.5 1 0
0.613 0.5 1.877 1 0
0.613 0.5 0.5 0 1.377
0.613 1.5 0.5 0 1.377
0.614 0.5 0.5 1 0
0.614 0.5 1.87822 1 0
0.614 0.5 0.5 0 1.37822
0.614 1.5 0.5 0 1.37822
0.615 0.5 0.5 1 0
0.615 0.5 1.87946 1 0
0.615 0.5 0.5 0 1.37946
0.615 1.5 0.5 0 1.37946
0.616 0.5 0.5 1 0
0.616 0.5 1.88069 1 0
0.616 0.5 0.5 0 1.38069
0.616 1.5 0.5 0 1.38069
0.617 0.5 0.5 1 0
0.617 0.5 1.88192 1 0
0.617 0.5 0.5 0 1.38192
0.617 1.5 0.5 0 1.38192
0.618 0.5 0.5 1 0
0.618 0.5 1.88316 1 0
0.618 0.5 0.5 0 1.38316
0.618 1.5 0.5 0 1.38316
0.619 0.5 0.5 1 0
0.619 0.5 1.8844 1 0
0.619 0.5 0.5 0 1.3844
0.619 1.5 0.5 0 1.3844
0.62 0.5 0.5 1 0
0.62 0.5 1.88564 1 0
0.62 0.5 0.5 0 1.38564
0.62 1.5 0.5 0 1.38564
0.621 0.5 0.5 1 0
0.621 0.5 1.88688 1 0
0.621 0.5 0.5 0 1.38688
0.621 1.5 0.5 0 1.38688
0.622 0.5 0.5 1 0
0.622 0.5 1.88813 1 0
0.622 0.5 0.5 0 1.38813
0.622 1.5 0.5 0 1.38813
0.623 0.5 0.5 1 0
0.623 0.5 1.88938 1 0
0.623 0.5 0.5 0 1.38938
0.623 1.5 0.5 0 1.38938
0.624 0.5 0.5 1 0
0.624 0.5 1.89062 1 0
0.624 0.5 0.5 0 1.39062
0.624 1.5 0.5 0 1.39062
0.625 0.5 0.5 1 0
0.625 0.5 1.89188 1 0
0.625 0.5 0.5 0 1.39188
0.625 1.5 0.5 0 1.39188
0.626 0.5 0.5 1 0
0.626 0.5 1.89313 1 0
0.626 0.5 0.5 0 1.39313
0.626 1.5 0.5 0 1.39313
0.627 0.5 0.5 1 0
0.627 0.5 1.89438 1 0
0.627 0.5 0.5 0 1.39438
0.627 1.5 0.5 0 1.39438
0.628 0.5 0.5 1 0
0.628 0.5 1.89564 1 0
0.628 0.5 0.5 0 1.39564
0.628 1.5 0.5 0 1.39564
0.629 0.5 0.5 1 0
0.629 0.5 1.8969 1 0
0.629 0.5 0.5 0 1.3969
0.629 1.5 0.5 0 1.3969
0.63 0.5 0.5 1 0
0.63 0.5 1.89816 1 0
0.63 0.5 0.5 0 1.39816
0.63 1.5 0.5 0 1.39816
0.631 0.5 0.5 1 0
0.631 0.5 1.89942 1 0
0.631 0.5 0.5 0 1.39942
0.631 1.5 0.5 0 1.39942
0.632 0.5 0.5 1 0
0.632 0.5 1.90069 1 0
0.632 0.5 0.5 0 1.40069
0.632 1.5 0.5 0 1.40069
0.633 0.5 0.5 1 0
0.633 0.5 1.90196 1 0
0.633 0.5 0.5 0 1.40196
0.633 1.5 0.5 0 1.40196
0.634 0.5 0.5 1 0
0.634 0.5 1.90322 1 0
0.634 0.5 0.5 0 1.40322
0.634 1.5 0.5 0 1.40322
0.635 0.5 0.5 1 0
0.635 0.5 1.9045 1 0
0.635 0.5 0.5 0 1.4045
0.635 1.5 0.5 0 1.4045
0.636 0.5 0.5 1 0
0.636 0.5 1.90577 1 0
0.636 0.5 0.5 0 1.40577
0.636 1.5 0.5 0 1.40577
0.637 0.5 0.5 1 0
0.637 0.5 1.90704 1 0
0.637 0.5 0.5 0 1.40704
0.637 1.5 0.5 0 1.40704
0.638 0.5 0.5 1 0
0.638 0.5 1.90832 1 0
0.638 0.5 0.5 0 1.40832
0.638 1.5 0.5 0 1.40832
0.639 0.5 0.5 1 0
0.639 0.5 1.9096 1 0
0.639 0.5 0.5 0 1.4096
0.639 1.5 0.5 0 1.4096
0.64 0.5 0.5 1 0
0.64 0.5 1.91088 1 0
0.64 0.5 0.5 0 1.41088
0.64 1.5 0.5 0 1.41088
0.641 0.5 0.5 1 0
0.641 0.5 1.91216 1 0
0.641 0.5 0.5 0 1.41216
0.641 1.5 0.5 0 1.41216
0.642 0.5 0.5 1 0
0.642 0.5 1.91345 1 0
0.642 0.5 0.5 0 1.41345
0.642 1.5 0.5 0 1.41345
0.643 0.5 0.5 1 0
0.643 0.5 1.91474 1 0
0.643 0.5 0.5 0 1.41474
0.643 1.5 0.5 0 1.41474
0.644 0.5 0.5 1 0
0.644 0.5 1.91602 1 0
0.644 0.5 0.5 0 1.41602
0.644 1.5 0.5 0 1.41602
0.645 0.5 0.5 1 0
0.645 0.5 1.91732 1 0
0.645 0.5 0.5 0 1.41732
0.645 1.5 0.5 0 1.41732
0.646 0.5 0.5 1 0
0.646 0.5 1.91861 1 0
0.646 0.5 0.5 0 1.41861
0.646 1.5 0.5 0 1.41861
0.647 0.5 0.5 1 0
0.647 0.5 1.9199 1 0
0.647 0.5 0.5 0 1.4199
0.647 1.5 0.5 0 1.4199
0.648 0.5 0.5 1 0
0.648 0.5 1.9212 1 0
0.648 0.5 0.5 0 1.4212
0.648 1.5 0.5 0 1.4212
0.649 0.5 0.5 1 0
0.649 0.5 1.9225 1 0
0.649 0.5 0.5 0 1.4225
0.649 1.5 0.5 0 1.4225
0.65 0.5 0.5 1 0
0.65 0.5 1.9238 1 0
0.65 0.5 0.5 0 1.4238
0.65 1.5 0.5 0 1.4238
0.651 0.5 0.5 1 0
0.651 0.5 1.9251 1 0
0.651 0.5 0.5 0 1.4251
0.651 1.5 0.5 0 1.4251
0.652 0.5 0.5 1 0
0.652 0.5 1.92641 1 0
0.652 0.5 0.5 0 1.42641
0.652 1.5 0.5 0 1.42641
0.653 0.5 0.5 1 0
0.653 0.5 1.92772 1 0
0.653 0.5 0.5 0 1.42772
0.653 1.5 0.5 0 1.42772
0.654 0.5 0.5 1 0
0.654 0.5 1.92902 1 0
0.654 0.5 0.5 0 1.42902
0.654 1.5 0.5 0 1.42902
0.655 0.5 0.5 1 0
0.655 0.5 1.93034 1 0
0.655 0.5 0.5 0 1.43034
0.655 1.5 0.5 0 1.43034
0.656 0.5 0.5 1 0
0.656 0.5 1.93165 1 0
0.656 0.5 0.5 0 1.43165
0.656 1.5 0.5 0 1.43165
0.657 0.5 0.5 1 0
0.657 0.5 1.93296 1 0
0.657 0.5 0.5 0 1.43296
0.657 1.5 0.5 0 1.43296
0.658 0.5 0.5 1 0
0.658 0.5 1.93428 1 0
0.658 0.5 0.5 0 1.43428
0.658 1.5 0.5 0 1.43428
0.659 0.5 0.5 1 0
0.659 0.5 1.9356 1 0
0.659 0.5 0.5 0 1.4356
0.659 1.5 0.5 0 1.4356
0.66 0.5 0.5 1 0
0.66 0.5 1.93692 1 0
0.66 0.5 0.5 0 1.43692
0.66 1.5 0.5 0 1.43692
0.661 0.5 0.5 1 0
0.661 0.5 1.93824 1 0
0.661 0.5 0.5 0 1.43824
0.661 1.5 0.5 0 1.43824
0.662 0.5 0.5 1 0
0.662 0.5 1.93957 1 0
0.662 0.5 0.5 0 1.43957
0.662 1.5 0.5 0 1.43957
0.663 0.5 0.5 1 0
0.663 0.5 1.9409 1 0
0.663 0.5 0.5 0 1.4409
0.663 1.5 0.5 0 1.4409
0.664 0.5 0.5 1 0
0.664 0.5 1.94222 1 0
0.664 0.5 0.5 0 1.44222
0.664 1.5 0.5 0 1.44222
0.665 0.5 0.5 1 0
0.665 0.5 1.94356 1 0
0.665 0.5 0.5 0 1.44356
0.665 1.5 0.5 0 1.44356
0.666 0.5 0.5 1 0
0.666 0.5 1.94489 1 0
0.666 0.5 0.5 0 1.44489
0.666 1.5 0.5 0 1.44489
0.667 0.5 0.5 1 0
0.667 0.5 1.94622 1 0
0.667 0.5 0.5 0 1.44622
0.667 1.5 0.5 0 1.44622
0.668 0.5 0.5 1 0
0.668 0.5 1.94756 1 0
0.668 0.5 0.5 0 1.44756
0.668 1.5 0.5 0 1.44756
0.669 0.5 0.5 1 0
0.669 0.5 1.9489 1 0
0.669 0.5 0.5 0 1.4489
0.669 1.5 0.5 0 1.4489
0.67 0.5 0.5 1 0
0.67 0.5 1.95024 1 0
0.67 0.5 0.5 0 1.45024
0.67 1.5 0.5 0 1.45024
0.671 0.5 0.5 1 0
0.671 0.5 1.95158 1 0
0.671 0.5 0.5 0 1.45158
0.671 1.5 0.5 0 1.45158
0.672 0.5 0.5 1 0
0.672 0.5 1.95293 1 0
0.672 0.5 0.5 0 1.45293
0.672 1.5 0.5 0 1.45293
0.673 0.5 0.5 1 0
0.673 0.5 1.95428 1 0
0.673 0.5 0.5 0 1.45428
0.673 1.5 0.5 0 1.45428
0.674 0.5 0.5 1 0
0.674 0.5 1.95562 1 0
0.674 0.5 0.5 0 1.45562
0.674 1.5 0.5 0 1.45562
0.675 0.5 0.5 1 0
0.675 0.5 1.95698 1 0
0.675 0.5 0.5 0 1.45698
0.675 1.5 0.5 0 1.45698
0.676 0.5 0.5 1 0
0.676 0.5 1.95833 1 0
0.676 0.5 0.5 0 1.45833
0.676 1.5 0.5 0 1.45833
0.677 0.5 0.5 1 0
0.677 0.5 1.95968 1 0
0.677 0.5 0.5 0 1.45968
0.677 1.5 0.5 0 1.45968
0.678 0.5 0.5 1 0
0.678 0.5 1.96104 1 0
0.678 0.5 0.5 0 1.46104
0.678 1.5 0.5 0 1.46104
0.679 0.5 0.5 1 0
0.679 0.5 1.9624 1 0
0.679 0.5 0.5 0 1.4624
0.679 1.5 0.5 0 1.4624
0.68 0.5 0.5 1 0
0.68 0.5 1.96376 1 0
0.68 0.5 0.5 0 1.46376
0.68 1.5 0.5 0 1.46376
0.681 0.5 0.5 1 0
0.681 0.5 1.96512 1 0
0.681 0.5 0.5 0 1.46512
0.681 1.5 0.5 0 1.46512
0.682 0.5 0.5 1 0
0.682 0.5 1.96649 1 0
0.682 0.5 0.5 0 1.46649
0.682 1.5 0.5 0 1.46649
0.683 0.5 0.5 1 0
0.683 0.5 1.96786 1 0
0.683 0.5 0.5 0 1.46786
0.683 1.5 0.5 0 1.46786
0.684 0.5 0.5 1 0
0.684 0.5 1.96922 1 0
0.684 0.5 0.5 0 1.46922
0.684 1.5 0.5 0 1.46922
0.685 0.5 0.5 1 0
0.685 0.5 1.9706 1 0
0.685 0.5 0.5 0 1.4706
0.685 1.5 0.5 0 1.4706
0.686 0.5 0.5 1 0
0.686 0.5 1.97197 1 0
0.686 0.5 0.5 0 1.47197
0.686 1.5 0.5 0 1.47197
0.687 0.5 0.5 1 0
0.687 0.5 1.97334 1 0
0.687 0.5 0.5 0 1.47334
0.687 1.5 0.5 0 1.47334
0.688 0.5 0.5 1 0
0.688 0.5 1.97472 1 0
0.688 0.5 0.5 0 1.47472
0.688 1.5 0.5 0 1.47472
0.689 0.5 0.5 1 0
0.689 0.5 1.9761 1 0
0.689 0.5 0.5 0 1.4761
0.689 1.5 0.5 0 1.4761
0.69 0.5 0.5 1 0
0.69 0.5 1.97748 1 0
0.69 0.5 0.5 0 1.47748
0.69 1.5 0.5 0 1.47748
0.691 0.5 0.5 1 0
0.691 0.5 1.97886 1 0
0.691 0.5 0.5 0 1.47886
0.691 1.5 0.5 0 1.47886
0.692 0.5 0.5 1 0
0.692 0.5 1.98025 1 0
0.692 0.5 0.5 0 1.48025
0.692 1.5 0.5 0 1.48025
0.693 0.5 0.5 1 0
0.693 0.5 1.98164 1 0
0.693 0.5 0.5 0 1.48164
0.693 1.5 0.5 0 1.48164
0.694 0.5 0.5 1 0
0.694 0.5 1.98302 1 0
0.694 0.5 0.5 0 1.48302
0.694 1.5 0.5 0 1.48302
0.695 0.5 0.5 1 0
0.695 0.5 1.98442 1 0
0.695 0.5 0.5 0 1.48442
0.695 1.5 0.5 0 1.48442
0.696 0.5 0.5 1 0
0.696 0.5 1.98581 1 0
0.696 0.5 0.5 0 1.48581
0.696 1.5 0.5 0 1.48581
0.697 0.5 0.5 1 0
0.697 0.5 1.9872 1 0
0.697 0.5 0.5 0 1.4872
0.697 1.5 0.5 0 1.4872
0.698 0.5 0.5 1 0
0.698 0.5 1.9886 1 0
0.698 0.5 0.5 0 1.4886
0.698 1.5 0.5 0 1.4886
0.699 0.5 0.5 1 0
0.699 0.5 1.99 1 0
0.699 0.5 0.5 0 1.49
0.699 1.5 0.5 0 1.49
0.7 0.5 0.5 1 0
0.7 0.5 1.9914 1 0
0.7 0.5 0.5 0 1.4914
0.7 1.5 0.5 0 1.4914
0.701 0.5 0.5 1 0
0.701 0.5 1.9928 1 0
0.701 0.5 0.5 0 1.4928
0.701 1.5 0.5 0 1.4928
0.702 0.5 0.5 1 0
0.702 0.5 1.99421 1 0
0.702 0.5 0.5 0 1.49421
0.702 1.5 0.5 0 1.49421
0.703 0.5 0.5 1 0
0.703 0.5 1.99562 1 0
0.703 0.5 0.5 0 1.49562
0.703 1.5 0.5 0 1.49562
0.704 0.5 0.5 1 0
0.704 0.5 1.99702 1 0
0.704 0.5 0.5 0 1.49702
0.704 1.5 0.5 0 1.49702
0.705 0.5 0.5 1 0
0.705 0.5 1.99844 1 0
0.705 0.5 0.5 0 1.49844
0.705 1.5 0.5 0 1.49844
0.706 0.5 0.5 1 0
0.706 0.5 1.99985 1 0
0.706 0.5 0.5 0 1.49985
0.706 1.5 0.5 0 1.49985
0.707 0.5 0.5 1 0
0.707 0.5 2.00126 1 0
0.707 0.5 0.5 0 1.50126
0.707 1.5 0.5 0 1.50126
0.708 0.5 0.5 1 0
0.708 0.5 2.00268 1 0
0.708 0.5 0.5 0 1.50268
0.708 1.5 0.5 0 1.50268
0.709 0.5 0.5 1 0
0.709 0.5 2.0041 1 0
0.709 0.5 0.5 0 1.5041
0.709 1.5 0.5 0 1.5041
0.71 0.5 0.5 1 0
0.71 0.5 2.00552 1 0
0.71 0.5 0.5 0 1.50552
0.71 1.5 0.5 0 1.50552
0.711 0.5 0.5 1 0
0.711 0.5 2.00694 1 0
0.711 0.5 0.5 0 1.50694
0.711 1.5 0.5 0 1.50694
0.712 0.5 0.5 1 0
0.712 0.5 2.00837 1 0
0.712 0.5 0.5 0 1.50837
0.712 1.5 0.5 0 1.50837
0.713 0.5 0.5 1 0
0.713 0.5 2.0098 1 0
0.713 0.5 0.5 0 1.5098
0.713 1.5 0.5 0 1.5098
0.714 0.5 0.5 1 0
0.714 0.5 2.01122 1 0
0.714 0.5 0.5 0 1.51122
0.714 1.5 0.5 0 1.51122
0.715 0.5 0.5 1 0
0.715 0.5 2.01266 1 0
0.715 0.5 0.5 0 1.51266
0.715 1.5 0.5 0 1.51266
0.716 0.5 0.5 1 0
0.716 0.5 2.01409 1 0
0.716 0.5 0.5 0 1.51409
0.716 1.5 0.5 0 1.51409
0.717 0.5 0.5 1 0
0.717 0.5 2.01552 1 0
0.717 0.5 0.5 0 1.51552
0.717 1.5 0.5 0 1.51552
0.718 0.5 0.5 1 0
0.718 0.5 2.01696 1 0
0.718 0.5 0.5 0 1.51696
0.718 1.5 0.5 0 1.51696
0.719 0.5 0.5 1 0
0.719 0.5 2.0184 1 0
0.719 0.5 0.5 0 1.5184
0.719 1.5 0.5 0 1.5184
0.72 0.5 0.5 1 0
0.72 0.5 2.01984 1 0
0.72 0.5 0.5 0 1.51984
0.72 1.5 0.5 0 1.51984
0.721 0.5 0.5 1 0
0.721 0.5 2.02128 1 0
0.721 0.5 0.5 0 1.52128
0.721 1.5 0.5 0 1.52128
0.722 0.5 0.5 1 0
0.722 0.5 2.02273 1 0
0.722 0.5 0.5 0 1.52273
0.722 1.5 0.5 0 1.52273
0.723 0.5 0.5 1 0
0.723 0.5 2.02418 1 0
0.723 0.5 0.5 0 1.52418
0.723 1.5 0.5 0 1.52418
0.724 0.5 0.5 1 0
0.724 0.5 2.02562 1 0
0.724 0.5 0.5 0 1.52562
0.724 1.5 0.5 0 1.52562
0.725 0.5 0.5 1 0
0.725 0.5 2.02708 1 0
0.725 0.5 0.5 0 1.52708
0.725 1.5 0.5 0 1.52708
0.726 0.5 0.5 1 0
0.726 0.5 2.02853 1 0
0.726 0.5 0.5 0 1.52853
0.726 1.5 0.5 0 1.52853
0.727 0.5 0.5 1 0
0.727 0.5 2.02998 1 0
0.727 0.5 0.5 0 1.52998
0.727 1.5 0.5 0 1.52998
0.728 0.5 0.5 1 0
0.728 0.5 2.03144 1 0
0.728 0.5 0.5 0 1.53144
0.728 1.5 0.5 0 1.53144
0.729 0.5 0.5 1 0
0.729 0.5 2.0329 1 0
0.729 0.5 0.5 0 1.5329
0.729 1.5 0.5 0 1.5329
0.73 0.5 0.5 1 0
0.73 0.5 2.03436 1 0
0.73 0.5 0.5 0 1.53436
0.73 1.5 0.5 0 1.53436
0.731 0.5 0.5 1 0
0.731 0.5 2.03582 1 0
0.731 0.5 0.5 0 1.53582
0.731 1.5 0.5 0 1.53582
0.732 0.5 0.5 1 0
0.732 0.5 2.03729 1 0
0.732 0.5 0.5 0 1.53729
0.732 1.5 0.5 0 1.53729
0.733 0.5 0.5 1 0
0.733 0.5 2.03876 1 0
0.733 0.5 0.5 0 1.53876
0.733 1.5 0.5 0 1.53876
0.734 0.5 0.5 1 0
0.734 0.5 2.04022 1 0
0.734 0.5 0.5 0 1.54022
0.734 1.5 0.5 0 1.54022
0.735 0.5 0.5 1 0
0.735 0.5 2.0417 1 0
0.735 0.5 0.5 0 1.5417
0.735 1.5 0.5 0 1.5417
0.736 0.5 0.5 1 0
0.736 0.5 2.04317 1 0
0.736 0.5 0.5 0 1.54317
0.736 1.5 0.5 0 1.54317
0.737 0.5 0.5 1 0
0.737 0.5 2.04464 1 0
0.737 0.5 0.5 0 1.54464
0.737 1.5 0.5 0 1.54464
0.738 0.5 0.5 1 0
0.738 0.5 2.04612 1 0
0.738 0.5 0.5 0 1.54612
0.738 1.5 0.5 0 1.54612
0.739 0.5 0.5 1 0
0.739 0.5 2.0476 1 0
0.739 0.5 0.5 0 1.5476
0.739 1.5 0.5 0 1.5476
0.74 0.5 0.5 1 0
0.74 0.5 2.04908 1 0
0.74 0.5 0.5 0 1.54908
0.74 1.5 0.5 0 1.54908
0.741 0.5 0.5 1 0
0.741 0.5 2.05056 1 0
0.741 0.5 0.5 0 1.55056
0.741 1.5 0.5 0 1.55056
0.742 0.5 0.5 1 0
0.742 0.5 2.05205 1 0
0.742 0.5 0.5 0 1.55205
0.742 1.5 0.5 0 1.55205
0.743 0.5 0.5 1 0
0.743 0.5 2.05354 1 0
0.743 0.5 0.5 0 1.55354
0.743 1.5 0.5 0 1.55354
0.744 0.5 0.5 1 0
0.744 0.5 2.05502 1 0
0.744 0.5 0.5 0 1.55502
0.744 1.5 0.5 0 1.55502
0.745 0.5 0.5 1 0
0.745 0.5 2.05652 1 0
0.745 0.5 0.5 0 1.55652
0.745 1.5 0.5 0 1.55652
0.746 0.5 0.5 1 0
0.746 0.5 2.05801 1 0
0.746 0.5 0.5 0 1.55801
0.746 1.5 0.5 0 1.55801
0.747 0.5 0.5 1 0
0.747 0.5 2.0595 1 0
0.747 0.5 0.5 0 1.5595
0.747 1.5 0.5 0 1.5595
0.748 0.5 0.5 1 0
0.748 0.5 2.061 1 0
0.748 0.5 0.5 0 1.561
0.748 1.5 0.5 0 1.561
0.749 0.5 0.5 1 0
0.749 0.5 2.0625 1 0
0.749 0.5 0.5 0 1.5625
0.749 1.5 0.5 0 1.5625
0.75 0.5 0.5 1 0
0.75 0.5 2.064 1 0
0.75 0.5 0.5 0 1.564
0.75 1.5 0.5 0 1.564
0.751 0.5 0.5 1 0
0.751 0.5 2.0655 1 0
0.751 0.5 0.5 0 1.5655
0.751 1.5 0.5 0 1.5655
0.752 0.5 0.5 1 0
0.752 0.5 2.06701 1 0
0.752 0.5 0.5 0 1.56701
0.752 1.5 0.5 0 1.56701
0.753 0.5 0.5 1 0
0.753 0.5 2.06852 1 0
0.753 0.5 0.5 0 1.56852
0.753 1.5 0.5 0 1.56852
0.754 0.5 0.5 1 0
0.754 0.5 2.07002 1 0
0.754 0.5 0.5 0 1.57002
0.754 1.5 0.5 0 1.57002
0.755 0.5 0.5 1 0
0.755 0.5 2.07154 1 0
0.755 0.5 0.5 0 1.57154
0.755 1.5 0.5 0 1.57154
0.756 0.5 0.5 1 0
0.756 0.5 2.07305 1 0
0.756 0.5 0.5 0 1.57305
0.756 1.5 0.5 0 1.57305
0.757 0.5 0.5 1 0
0.757 0.5 2.07456 1 0
0.757 0.5 0.5 0 1.57456
0.757 1.5 0.5 0 1.57456
0.758 0.5 0.5 1 0
0.758 0.5 2.07608 1 0
0.758 0.5 0.5 0 1.57608
0.758 1.5 0.5 0 1.57608
0.759 0.5 0.5 1 0
0.759 0.5 2.0776 1 0
0.759 0.5 0.5 0 1.5776
0.759 1.5 0.5 0 1.5776
0.76 0.5 0.5 1 0
0.76 0.5 2.07912 1 0
0.76 0.5 0.5 0 1.57912
0.76 1.5 0.5 0 1.57912
0.761 0.5 0.5 1 0
0.761 0.5 2.08064 1 0
0.761 0.5 0.5 0 1.58064
0.761 1.5 0.5 0 1.58064
0.762 0.5 0.5 1 0
0.762 0.5 2.08217 1 0
0.762 0.5 0.5 0 1.58217
0.762 1.5 0.5 0 1.58217
0.763 0.5 0.5 1 0
0.763 0.5 2.0837 1 0
0.763 0.5 0.5 0 1.5837
0.763 1.5 0.5 0 1.5837
0.764 0.5 0.5 1 0
0.764 0.5 2.08522 1 0
0.764 0.5 0.5 0 1.58522
0.764 1.5 0.5 0 1.58522
0.765 0.5 0.5 1 0
0.765 0.5 2.08676 1 0
0.765 0.5 0.5 0 1.58676
0.765 1.5 0.5 0 1.58676
0.766 0.5 0.5 1 0
0.766 0.5 2.08829 1 0
0.766 0.5 0.5 0 1.58829
0.766 1.5 0.5 0 1.58829
0.767 0.5 0.5 1 0
0.767 0.5 2.08982 1 0
0.767 0.5 0.5 0 1.58982
0.767 1.5 0.5 0 1.58982
0.768 0.5 0.5 1 0
0.768 0.5 2.09136 1 0
0.768 0.5 0.5 0 1.59136
0.768 1.5 0.5 0 1.59136
0.769 0.5 0.5 1 0
0.769 0.5 2.0929 1 0
0.769 0.5 0.5 0 1.5929
0.769 1.5 0.5 0 1.5929
0.77 0.5 0.5 1 0
0.77 0.5 2.09444 1 0
0.77 0.5 0.5 0 1.59444
0.77 1.5 0.5 0 1.59444
0.771 0.5 0.5 1 0
0.771 0.5 2.09598 1 0
0.771 0.5 0.5 0 1.59598
0.771 1.5 0.5 0 1.59598
0.772 0.5 0.5 1 0
0.772 0.5 2.09753 1 0
0.772 0.5 0.5 0 1.59753
0.772 1.5 0.5 0 1.59753
0.773 0.5 0.5 1 0
0.773 0.5 2.09908 1 0
0.773 0.5 0.5 0 1.59908
0.773 1.5 0.5 0 1.59908
0.774 0.5 0.5 1 0
0.774 0.5 2.10062 1 0
0.774 0.5 0.5 0 1.60062
0.774 1.5 0.5 0 1.60062
0.775 0.5 0.5 1 0
0.775 0.5 2.10218 1 0
0.775 0.5 0.5 0 1.60218
0.775 1.5 0.5 0 1.60218
0.776 0.5 0.5 1 0
0.776 0.5 2.10373 1 0
0.776 0.5 0.5 0 1.60373
0.776 1.5 0.5 0 1.60373
0.777 0.5 0.5 1 0
0.777 0.5 2.10528 1 0
0.777 0.5 0.5 0 1.60528
0.777 1.5 0.5 0 1.60528
0.778 0.5 0.5 1 0
0.778 0.5 2.10684 1 0
0.778 0.5 0.5 0 1.60684
0.778 1.5 0.5 0 1.60684
0.779 0.5 0.5 1 0
0.779 0.5 2.1084 1 0
0.779 0.5 0.5 0 1.6084
0.779 1.5 0.5 0 1.6084
0.78 0.5 0.5 1 0
0.78 0.5 2.10996 1 0
0.78 0.5 0.5 0 1.60996
0.78 1.5 0.5 0 1.60996
0.781 0.5 0.5 1 0
0.781 0.5 2.11152 1 0
0.781 0.5 0.5 0 1.61152
0.781 1.5 0.5 0 1.61152
0.782 0.5 0.5 1 0
0.782 0.5 2.11309 1 0
0.782 0.5 0.5 0 1.61309
0.782 1.5 0.5 0 1.61309
0.783 0.5 0.5 1 0
0.783 0.5 2.11466 1 0
0.783 0.5 0.5 0 1.61466
0.783 1.5 0.5 0 1.61466
0.784 0.5 0.5 1 0
0.784 0.5 2.11622 1 0
0.784 0.5 0.5 0 1.61622
0.784 1.5 0.5 0 1.61622
0.785 0.5 0.5 1 0
0.785 0.5 2.1178 1 0
0.785 0.5 0.5 0 1.6178
0.785 1.5 0.5 0 1.6178
0.786 0.5 0.5 1 0
0.786 0.5 2.11937 1 0
0.786 0.5 0.5 0 1.61937
0.786 1.5 0.5 0 1.61937
0.787 0.5 0.5 1 0
0.787 0.5 2.12094 1 0
0.787 0.5 0.5 0 1.62094
0.787 1.5 0.5 0 1.62094
0.788 0.5 0.5 1 0
0.788 0.5 2.12252 1 0
0.788 0.5 0.5 0 1.62252
0.788 1.5 0.5 0 1.62252
0.789 0.5 0.5 1 0
0.789 0.5 2.1241 1 0
0.789 0.5 0.5 0 1.6241
0.789 1.5 0.5 0 1.6241
0.79 0.5 0.5 1 0
0.79 0.5 2.12568 1 0
0.79 0.5 0.5 0 1.62568
0.79 1.5 0.5 0 1.62568
0.791 0.5 0.5 1 0
0.791 0.5 2.12726 1 0
0.791 0.5 0.5 0 1.62726
0.791 1.5 0.5 0 1.62726
0.792 0.5 0.5 1 0
0.792 0.5 2.12885 1 0
0.792 0.5 0.5 0 1.62885
0.792 1.5 0.5 0 1.62885
0.793 0.5 0.5 1 0
0.793 0.5 2.13044 1 0
0.793 0.5 0.5 0 1.63044
0.793 1.5 0.5 0 1.63044
0.794 0.5 0.5 1 0
0.794 0.5 2.13202 1 0
0.794 0.5 0.5 0 1.63202
0.794 1.5 0.5 0 1.63202
0.795 0.5 0.5 1 0
0.795 0.5 2.13362 1 0
0.795 0.5 0.5 0 1.63362
0.795 1.5 0.5 0 1.63362
0.796 0.5 0.5 1 0
0.796 0.5 2.13521 1 0
0.796 0.5 0.5 0 1.63521
0.796 1.5 0.5 0 1.63521
0.797 0.5 0.5 1 0
0.797 0.5 2.1368 1 0
0.797 0.5 0.5 0 1.6368
0.797 1.5 0.5 0 1.6368
0.798 0.5 0.5 1 0
0.798 0.5 2.1384 1 0
0.798 0.5 0.5 0 1.6384
0.798 1.5 0.5 0 1.6384
0.799 0.5 0.5 1 0
0.799 0.5 2.14 1 0
0.799 0.5 0.5 0 1.64
0.799 1.5 0.5 0 1.64
0.8 0.5 0.5 1 0
0.8 0.5 2.1416 1 0
0.8 0.5 0.5 0 1.6416
0.8 1.5 0.5 0 1.6416
0.801 0.5 0.5 1 0
0.801 0.5 2.1432 1 0
0.801 0.5 0.5 0 1.6432
0.801 1.5 0.5 0 1.6432
0.802 0.5 0.5 1 0
0.802 0.5 2.14481 1 0
0.802 0.5 0.5 0 1.64481
0.802 1.5 0.5 0 1.64481
0.803 0.5 0.5 1 0
0.803 0.5 2.14642 1 0
0.803 0.5 0.5 0 1.64642
0.803 1.5 0.5 0 1.64642
0.804 0.5 0.5 1 0
0.804 0.5 2.14802 1 0
0.804 0.5 0.5 0 1.64802
0.804 1.5 0.5 0 1.64802
0.805 0.5 0.5 1 0
0.805 0.5 2.14964 1 0
0.805 0.5 0.5 0 1.64964
0.805 1.5 0.5 0 1.64964
0.806 0.5 0.5 1 0
0.806 0.5 2.15125 1 0
0.806 0.5 0.5 0 1.65125
0.806 1.5 0.5 0 1.65125
0.807 0.5 0.5 1 0
0.807 0.5 2.15286 1 0
0.807 0.5 0.5 0 1.65286
0.807 1.5 0.5 0 1.65286
0.808 0.5 0.5 1 0
0.808 0.5 2.15448 1 0
0.808 0.5 0.5 0 1.65448
0.808 1.5 0.5 0 1.65448
0.809 0.5 0.5 1 0
0.809 0.5 2.1561 1 0
0.809 0.5 0.5 0 1.6561
0.809 1.5 0.5 0 1.6561
0.81 0.5 0.5 1 0
0.81 0.5 2.15772 1 0
0.81 0.5 0.5 0 1.65772
0.81 1.5 0.5 0 1.65772
0.811 0.5 0.5 1 0
0.811 0.5 2.15934 1 0
0.811 0.5 0.5 0 1.65934
0.811 1.5 0.5 0 1.65934
0.812 0.5 0.5 1 0
0.812 0.5 2.16097 1 0
0.812 0.5 0.5 0 1.66097
0.812 1.5 0.5 0 1.66097
0.813 0.5 0.5 1 0
0.813 0.5 2.1626 1 0
0.813 0.5 0.5 0 1.6626
0.813 1.5 0.5 0 1.6626
0.814 0.5 0.5 1 0
0.814 0.5 2.16422 1 0
0.814 0.5 0.5 0 1.66422
0.814 1.5 0.5 0 1.66422
0.815 0.5 0.5 1 0
0.815 0.5 2.16586 1 0
0.815 0.5 0.5 0 1.66586
0.815 1.5 0.5 0 1.66586
0.816 0.5 0.5 1 0
0.816 0.5 2.16749 1 0
0.816 0.5 0.5 0 1.66749
0.816 1.5 0.5 0 1.66749
0.817 0.5 0.5 1 0
0.817 0.5 2.16912 1 0
0.817 0.5 0.5 0 1.66912
0.817 1.5 0.5 0 1.66912
0.818 0.5 0.5 1 0
0.818 0.5 2.17076 1 0
0.818 0.5 0.5 0 1.67076
0.818 1.5 0.5 0 1.67076
0.819 0.5 0.5 1 0
0.819 0.5 2.1724 1 0
0.819 0.5 0.5 0 1.6724
0.819 1.5 0.5 0 1.6724
0.82 0.5 0.5 1 0
0.82 0.5 2.17404 1 0
0.82 0.5 0.5 0 1.67404
0.82 1.5 0.5 0 1.67404
0.821 0.5 0.5 1 0
0.821 0.5 2.17568 1 0
0.821 0.5 0.5 0 1.67568
0.821 1.5 0.5 0 1.67568
0.822 0.5 0.5 1 0
0.822 0.5 2.17733 1 0
0.822 0.5 0.5 0 1.67733
0.822 1.5 0.5 0 1.67733
0.823 0.5 0.5 1 0
0.823 0.5 2.17898 1 0
0.823 0.5 0.5 0 1.67898
0.823 1.5 0.5 0 1.67898
0.824 0.5 0.5 1 0
0.824 0.5 2.18062 1 0
0.824 0.5 0.5 0 1.68062
0.824 1.5 0.5 0 1.68062
0.825 0.5 0.5 1 0
0.825 0.5 2.18228 1 0
0.825 0.5 0.5 0 1.68228
0.825 1.5 0.5 0 1.68228
0.826 0.5 0.5 1 0
0.826 0.5 2.18393 1 0
0.826 0.5 0.5 0 1.68393
0.826 1.5 0.5 0 1.68393
0.827 0.5 0.5 1 0
0.827 0.5 2.18558 1 0
0.827 0.5 0.5 0 1.68558
0.827 1.5 0.5 0 1.68558
0.828 0.5 0.5 1 0
0.828 0.5 2.18724 1 0
0.828 0.5 0.5 0 1.68724
0.828 1.5 0.5 0 1.68724
0.829 0.5 0.5 1 0
0.829 0.5 2.1889 1 0
0.829 0.5 0.5 0 1.6889
0.829 1.5 0.5 0 1.6889
0.83 0.5 0.5 1 0
0.83 0.5 2.19056 1 0
0.83 0.5 0.5 0 1.69056
0.83 1.5 0.5 0 1.69056
0.831 0.5 0.5 1 0
0.831 0.5 2.19222 1 0
0.831 0.5 0.5 0 1.69222
0.831 1.5 0.5 0 1.69222
0.832 0.5 0.5 1 0
0.832 0.5 2.19389 1 0
0.832 0.5 0.5 0 1.69389
0.832 1.5 0.5 0 1.69389
0.833 0.5 0.5 1 0
0.833 0.5 2.19556 1 0
0.833 0.5 0.5 0 1.69556
0.833 1.5 0.5 0 1.69556
0.834 0.5 0.5 1 0
0.834 0.5 2.19722 1 0
0.834 0.5 0.5 0 1.69722
0.834 1.5 0.5 0 1.69722
0.835 0.5 0.5 1 0
0.835 0.5 2.1989 1 0
0.835 0.5 0.5 0 1.6989
0.835 1.5 0.5 0 1.6989
0.836 0.5 0.5 1 0
0.836 0.5 2.20057 1 0
0.836 0.5 0.5 0 1.70057
0.836 1.5 0.5 0 1.70057
0.837 0.5 0.5 1 0
0.837 0.5 2.20224 1 0
0.837 0.5 0.5 0 1.70224
0.837 1.5 0.5 0 1.70224
0.838 0.5 0.5 1 0
0.838 0.5 2.20392 1 0
0.838 0.5 0.5 0 1.70392
0.838 1.5 0.5 0 1.70392
0.839 0.5 0.5 1 0
0.839 0.5 2.2056 1 0
0.839 0.5 0.5 0 1.7056
0.839 1.5 0.5 0 1.7056
0.84 0.5 0.5 1 0
0.84 0.5 2.20728 1 0
0.84 0.5 0.5 0 1.70728
0.84 1.5 0.5 0 1.70728
0.841 0.5 0.5 1 0
0.841 0.5 2.20896 1 0
0.841 0.5 0.5 0 1.70896
0.841 1.5 0.5 0 1.70896
0.842 0.5 0.5 1 0
0.842 0.5 2.21065 1 0
0.842 0.5 0.5 0 1.71065
0.842 1.5 0.5 0 1.71065
0.843 0.5 0.5 1 0
0.843 0.5 2.21234 1 0
0.843 0.5 0.5 0 1.71234
0.843 1.5 0.5 0 1.71234
0.844 0.5 0.5 1 0
0.844 0.5 2.21402 1 0
0.844 0.5 0.5 0 1.71402
0.844 1.5 0.5 0 1.71402
0.845 0.5 0.5 1 0
0.845 0.5 2.21572 1 0
0.845 0.5 0.5 0 1.71572
0.845 1.5 0.5 0 1.71572
0.846 0.5 0.5 1 0
0.846 0.5 2.21741 1 0
0.846 0.5 0.5 0 1.71741
0.846 1.5 0.5 0 1.71741
0.847 0.5 0.5 1 0
0.847 0.5 2.2191 1 0
0.847 0.5 0.5 0 1.7191
0.847 1.5 0.5 0 1.7191
0.848 0.5 0.5 1 0
0.848 0.5 2.2208 1 0
0.848 0.5 0.5 0 1.7208
0.848 1.5 0.5 0 1.7208
0.849 0.5 0.5 1 0
0.849 0.5 2.2225 1 0
0.849 0.5 0.5 0 1.7225
0.849 1.5 0.5 0 1.7225
0.85 0.5 0.5 1 0
0.85 0.5 2.2242 1 0
0.85 0.5 0.5 0 1.7242
0.85 1.5 0.5 0 1.7242
0.851 0.5 0.5 1 0
0.851 0.5 2.2259 1 0
0.851 0.5 0.5 0 1.7259
0.851 1.5 0.5 0 1.7259
0.852 0.5 0.5 1 0
0.852 0.5 2.22761 1 0
0.852 0.5 0.5 0 1.72761
0.852 1.5 0.5 0 1.72761
0.853 0.5 0.5 1 0
0.853 0.5 2.22932 1 0
0.853 0.5 0.5 0 1.72932
0.853 1.5 0.5 0 1.72932
0.854 0.5 0.5 1 0
0.854 0.5 2.23102 1 0
0.854 0.5 0.5 0 1.73102
0.854 1.5 0.5 0 1.73102
0.855 0.5 0.5 1 0
0.855 0.5 2.23274 1 0
0.855 0.5 0.5 0 1.73274
0.855 1.5 0.5 0 1.73274
0.856 0.5 0.5 1 0
0.856 0.5 2.23445 1 0
0.856 0.5 0.5 0 1.73445
0.856 1.5 0.5 0 1.73445
0.857 0.5 0.5 1 0
0.857 0.5 2.23616 1 0
0.857 0.5 0.5 0 1.73616
0.857 1.5 0.5 0 1.73616
0.858 0.5 0.5 1 0
0.858 0.5 2.23788 1 0
0.858 0.5 0.5 0 1.73788
0.858 1.5 0.5 0 1.73788
0.859 0.5 0.5 1 0
0.859 0.5 2.2396 1 0
0.859 0.5 0.5 0 1.7396
0.859 1.5 0.5 0 1.7396
0.86 0.5 0.5 1 0
0.86 0.5 2.24132 1 0
0.86 0.5 0.5 0 1.74132
0.86 1.5 0.5 0 1.74132
0.861 0.5 0.5 1 0
0.861 0.5 2.24304 1 0
0.861 0.5 0.5 0 1.74304
0.861 1.5 0.5 0 1.74304
0.862 0.5 0.5 1 0
0.862 0.5 2.24477 1 0
0.862 0.5 0.5 0 1.74477
0.862 1.5 0.5 0 1.74477
0.863 0.5 0.5 1 0
0.863 0.5 2.2465 1 0
0.863 0.5 0.5 0 1.7465
0.863 1.5 0.5 0 1.7465
0.864 0.5 0.5 1 0
0.864 0.5 2.24822 1 0
0.864 0.5 0.5 0 1.74822
0.864 1.5 0.5 0 1.74822
0.865 0.5 0.5 1 0
0.865 0.5 2.24996 1 0
0.865 0.5 0.5 0 1.74996
0.865 1.5 0.5 0 1.74996
0.866 0.5 0.5 1 0
0.866 0.5 2.25169 1 0
0.866 0.5 0.5 0 1.75169
0.866 1.5 0.5 0 1.75169
0.867 0.5 0.5 1 0
0.867 0.5 2.25342 1 0
0.867 0.5 0.5 0 1.75342
0.867 1.5 0.5 0 1.75342
0.868 0.5 0.5 1 0
0.868 0.5 2.25516 1 0
0.868 0.5 0.5 0 1.75516
0.868 1.5 0.5 0 1.75516
0.869 0.5 0.5 1 0
0.869 0.5 2.2569 1 0
0.869 0.5 0.5 0 1.7569
0.869 1.5 0.5 0 1.7569
0.87 0.5 0.5 1 0
0.87 0.5 2.25864 1 0
0.87 0.5 0.5 0 1.75864
0.87 1.5 0.5 0 1.75864
0.871 0.5 0.5 1 0
0.871 0.5 2.26038 1 0
0.871 0.5 0.5 0 1.76038
0.871 1.5 0.5 0 1.76038
0.872 0.5 0.5 1 0
0.872 0.5 2.26213 1 0
0.872 0.5 0.5 0 1.76213
0.872 1.5 0.5 0 1.76213
0.873 0.5 0.5 1 0
0.873 0.5 2.26388 1 0
0.873 0.5 0.5 0 1.76388
0.873 1.5 0.5 0 1.76388
0.874 0.5 0.5 1 0
0.874 0.5 2.26562 1 0
0.874 0.5 0.5 0 1.76562
0.874 1.5 0.5 0 1.76562
0.875 0.5 0.5 1 0
0.875 0.5 2.26738 1 0
0.875 0.5 0.5 0 1.76738
0.875 1.5 0.5 0 1.76738
0.876 0.5 0.5 1 0
0.876 0.5 2.26913 1 0
0.876 0.5 0.5 0 1.76913
0.876 1.5 0.5 0 1.76913
0.877 0.5 0.5 1 0
0.877 0.5 2.27088 1 0
0.877 0.5 0.5 0 1.77088
0.877 1.5 0.5 0 1.77088
0.878 0.5 0.5 1 0
0.878 0.5 2.27264 1 0
0.878 0.5 0.5 0 1.77264
0.878 1.5 0.5 0 1.77264
0.879 0.5 0.5 1 0
0.879 0.5 2.2744 1 0
0.879 0.5 0.5 0 1.7744
0.879 1.5 0.5 0 1.7744
0.88 0.5 0.5 1 0
0.88 0.5 2.27616 1 0
0.88 0.5 0.5 0 1.77616
0.88 1.5 0.5 0 1.77616
0.881 0.5 0.5 1 0
0.881 0.5 2.27792 1 0
0.881 0.5 0.5 0 1.77792
0.881 1.5 0.5 0 1.77792
0.882 0.5 0.5 1 0
0.882 0.5 2.27969 1 0
0.882 0.5 0.5 0 1.77969
0.882 1.5 0.5 0 1.77969
0.883 0.5 0.5 1 0
0.883 0.5 2.28146 1 0
0.883 0.5 0.5 0 1.78146
0.883 1.5 0.5 0 1.78146
0.884 0.5 0.5 1 0
0.884 0.5 2.28322 1 0
0.884 0.5 0.5 0 1.78322
0.884 1.5 0.5 0 1.78322
0.885 0.5 0.5 1 0
0.885 0.5 2.285 1 0
0.885 0.5 0.5 0 1.785
0.885 1.5 0.5 0 1.785
0.886 0.5 0.5 1 0
0.886 0.5 2.28677 1 0
0.886 0.5 0.5 0 1.78677
0.886 1.5 0.5 0 1.78677
0.887 0.5 0.5 1 0
0.887 0.5 2.28854 1 0
0.887 0.5 0.5 0 1.78854
0.887 1.5 0.5 0 1.78854
0.888 0.5 0.5 1 0
0.888 0.5 2.29032 1 0
0.888 0.5 0.5 0 1.79032
0.888 1.5 0.5 0 1.79032
0.889 0.5 0.5 1 0
0.889 0.5 2.2921 1 0
0.889 0.5 0.5 0 1.7921
0.889 1.5 0.5 0 1.7921
0.89 0.5 0.5 1 0
0.89 0.5 2.29388 1 0
0.89 0.5 0.5 0 1.79388
0.89 1.5 0.5 0 1.79388
0.891 0.5 0.5 1 0
0.891 0.5 2.29566 1 0
0.891 0.5 0.5 0 1.79566
0.891 1.5 0.5 0 1.79566
0.892 0.5 0.5 1 0
0.892 0.5 2.29745 1 0
0.892 0.5 0.5 0 1.79745
0.892 1.5 0.5 0 1.79745
0.893 0.5 0.5 1 0
0.893 0.5 2.29924 1 0
0.893 0.5 0.5 0 1.79924
0.893 1.5 0.5 0 1.79924
0.894 0.5 0.5 1 0
0.894 0.5 2.30102 1 0
0.894 0.5 0.5 0 1.80102
0.894 1.5 0.5 0 1.80102
0.895 0.5 0.5 1 0
0.895 0.5 2.30282 1 0
0.895 0.5 0.5 0 1.80282
0.895 1.5 0.5 0 1.80282
0.896 0.5 0.5 1 0
0.896 0.5 2.30461 1 0
0.896 0.5 0.5 0 1.80461
0.896 1.5 0.5 0 1.80461
0.897 0.5 0.5 1 0
0.897 0.5 2.3064 1 0
0.897 0.5 0.5 0 1.8064
0.897 1.5 0.5 0 1.8064
0.898 0.5 0.5 1 0
0.898 0.5 2.3082 1 0
0.898 0.5 0.5 0 1.8082
0.898 1.5 0.5 0 1.8082
0.899 0.5 0.5 1 0
0.899 0.5 2.31 1 0
0.899 0.5 0.5 0 1.81
0.899 1.5 0.5 0 1.81
0.9 0.5 0.5 1 0
0.9 0.5 2.3118 1 0
0.9 0.5 0.5 0 1.8118
0.9 1.5 0.5 0 1.8118
0.901 0.5 0.5 1 0
0.901 0.5 2.3136 1 0
0.901 0.5 0.5 0 1.8136
0.901 1.5 0.5 0 1.8136
0.902 0.5 0.5 1 0
0.902 0.5 2.31541 1 0
0.902 0.5 0.5 0 1.81541
0.902 1.5 0.5 0 1.81541
0.903 0.5 0.5 1 0
0.903 0.5 2.31722 1 0
0.903 0.5 0.5 0 1.81722
0.903 1.5 0.5 0 1.81722
0.904 0.5 0.5 1 0
0.904 0.5 2.31902 1 0
0.904 0.5 0.5 0 1.81902
0.904 1.5 0.5 0 1.81902
0.905 0.5 0.5 1 0
0.905 0.5 2.32084 1 0
0.905 0.5 0.5 0 1.82084
0.905 1.5 0.5 0 1.82084
0.906 0.5 0.5 1 0
0.906 0.5 2.32265 1 0
0.906 0.5 0.5 0 1.82265
0.906 1.5 0.5 0 1.82265
0.907 0.5 0.5 1 0
0.907 0.5 2.32446 1 0
0.907 0.5 0.5 0 1.82446
0.907 1.5 0.5 0 1.82446
0.908 0.5 0.5 1 0
0.908 0.5 2.32628 1 0
0.908 0.5 0.5 0 1.82628
0.908 1.5 0.5 0 1.82628
0.909 0.5 0.5 1 0
0.909 0.5 2.3281 1 0
0.909 0.5 0.5 0 1.8281
0.909 1.5 0.5 0 1.8281
0.91 0.5 0.5 1 0
0.91 0.5 2.32992 1 0
0.91 0.5 0.5 0 1.82992
0.91 1.5 0.5 0 1.82992
0.911 0.5 0.5 1 0
0.911 0.5 2.33174 1 0
0.911 0.5 0.5 0 1.83174
0.911 1.5 0.5 0 1.83174
0.912 0.5 0.5 1 0
0.912 0.5 2.33357 1 0
0.912 0.5 0.5 0 1.83357
0.912 1.5 0.5 0 1.83357
0.913 0.5 0.5 1 0
0.913 0.5 2.3354 1 0
0.913 0.5 0.5 0 1.8354
0.913 1.5 0.5 0 1.8354
0.914 0.5 0.5 1 0
0.914 0.5 2.33722 1 0
0.914 0.5 0.5 0 1.83722
0.914 1.5 0.5 0 1.83722
0.915 0.5 0.5 1 0
0.915 0.5 2.33906 1 0
0.915 0.5 0.5 0 1.83906
0.915 1.5 0.5 0 1.83906
0.916 0.5 0.5 1 0
0.916 0.5 2.34089 1 0
0.916 0.5 0.5 0 1.84089
0.916 1.5 0.5 0 1.84089
0.917 0.5 0.5 1 0
0.917 0.5 2.34272 1 0
0.917 0.5 0.5 0 1.84272
0.917 1.5 0.5 0 1.84272
0.918 0.5 0.5 1 0
0.918 0.5 2.34456 1 0
0.918 0.5 0.5 0 1.84456
0.918 1.5 0.5 0 1.84456
0.919 0.5 0.5 1 0
0.919 0.5 2.3464 1 0
0.919 0.5 0.5 0 1.8464
0.919 1.5 0.5 0 1.8464
0.92 0.5 0.5 1 0
0.92 0.5 2.34824 1 0
0.92 0.5 0.5 0 1.84824
0.92 1.5 0.5 0 1.84824
0.921 0.5 0.5 1 0
0.921 0.5 2.35008 1 0
0.921 0.5 0.5 0 1.85008
0.921 1.5 0.5 0 1.85008
0.922 0.5 0.5 1 0
0.922 0.5 2.35193 1 0
0.922 0.5 0.5 0 1.85193
0.922 1.5 0.5 0 1.85193
0.923 0.5 0.5 1 0
0.923 0.5 2.35378 1 0
0.923 0.5 0.5 0 1.85378
0.923 1.5 0.5 0 1.85378
0.924 0.5 0.5 1 0
0.924 0.5 2.35562 1 0
0.924 0.5 0.5 0 1.85562
0.924 1.5 0.5 0 1.85562
0.925 0.5 0.5 1 0
0.925 0.5 2.35748 1 0
0.925 0.5 0.5 0 1.85748
0.925 1.5 0.5 0 1.85748
0.926 0.5 0.5 1 0
0.926 0.5 2.35933 1 0
0.926 0.5 0.5 0 1.85933
0.926 1.5 0.5 0 1.85933
0.927 0.5 0.5 1 0
0.927 0.5 2.36118 1 0
0.927 0.5 0.5 0 1.86118
0.927 1.5 0.5 0 1.86118
0.928 0.5 0.5 1 0
0.928 0.5 2.36304 1 0
0.928 0.5 0.5 0 1.86304
0.928 1.5 0.5 0 1.86304
0.929 0.5 0.5 1 0
0.929 0.5 2.3649 1 0
0.929 0.5 0.5 0 1.8649
0.929 1.5 0.5 0 1.8649
0.93 0.5 0.5 1 0
0.93 0.5 2.36676 1 0
0.93 0.5 0.5 0 1.86676
0.93 1.5 0.5 0 1.86676
0.931 0.5 0.5 1 0
0.931 0.5 2.36862 1 0
0.931 0.5 0.5 0 1.86862
0.931 1.5 0.5 0 1.86862
0.932 0.5 0.5 1 0
0.932 0.5 2.37049 1 0
0.932 0.5 0.5 0 1.87049
0.932 1.5 0.5 0 1.87049
0.933 0.5 0.5 1 0
0.933 0.5 2.37236 1 0
0.933 0.5 0.5 0 1.87236
0.933 1.5 0.5 0 1.87236
0.934 0.5 0.5 1 0
0.934 0.5 2.37422 1 0
0.934 0.5 0.5 0 1.87422
0.934 1.5 0.5 0 1.87422
0.935 0.5 0.5 1 0
0.935 0.5 2.3761 1 0
0.935 0.5 0.5 0 1.8761
0.935 1.5 0.5 0 1.8761
0.936 0.5 0.5 1 0
0.936 0.5 2.37797 1 0
0.936 0.5 0.5 0 1.87797
0.936 1.5 0.5 0 1.87797
0.937 0.5 0.5 1 0
0.937 0.5 2.37984 1 0
0.937 0.5 0.5 0 1.87984
0.937 1.5 0.5 0 1.87984
0.938 0.5 0.5 1 0
0.938 0.5 2.38172 1 0
0.938 0.5 0.5 0 1.88172
0.938 1.5 0.5 0 1.88172
0.939 0.5 0.5 1 0
0.939 0.5 2.3836 1 0
0.939 0.5 0.5 0 1.8836
0.939 1.5 0.5 0 1.8836
0.94 0.5 0.5 1 0
0.94 0.5 2.38548 1 0
0.94 0.5 0.5 0 1.88548
0.94 1.5 0.5 0 1.88548
0.941 0.5 0.5 1 0
0.941 0.5 2.38736 1 0
0.941 0.5 0.5 0 1.88736
0.941 1.5 0.5 0 1.88736
0.942 0.5 0.5 1 0
0.942 0.5 2.38925 1 0
0.942 0.5 0.5 0 1.88925
0.942 1.5 0.5 0 1.88925
0.943 0.5 0.5 1 0
0.943 0.5 2.39114 1 0
0.943 0.5 0.5 0 1.89114
0.943 1.5 0.5 0 1.89114
0.944 0.5 0.5 1 0
0.944 0.5 2.39302 1 0
0.944 0.5 0.5 0 1.89302
0.944 1.5 0.5 0 1.89302
0.945 0.5 0.5 1 0
0.945 0.5 2.39492 1 0
0.945 0.5 0.5 0 1.89492
0.945 1.5 0.5 0 1.89492
0.946 0.5 0.5 1 0
0.946 0.5 2.39681 1 0
0.946 0.5 0.5 0 1.89681
0.946 1.5 0.5 0 1.89681
0.947 0.5 0.5 1 0
0.947 0.5 2.3987 1 0
0.947 0.5 0.5 0 1.8987
0.947 1.5 0.5 0 1.8987
0.948 0.5 0.5 1 0
0.948 0.5 2.4006 1 0
0.948 0.5 0.5 0 1.9006
0.948 1.5 0.5 0 1.9006
0.949 0.5 0.5 1 0
0.949 0.5 2.4025 1 0
0.949 0.5 0.5 0 1.9025
0.949 1.5 0.5 0 1.9025
0.95 0.5 0.5 1 0
0.95 0.5 2.4044 1 0
0.95 0.5 0.5 0 1.9044
0.95 1.5 0.5 0 1.9044
0.951 0.5 0.5 1 0
0.951 0.5 2.4063 1 0
0.951 0.5 0.5 0 1.9063
0.951 1.5 0.5 0 1.9063
0.952 0.5 0.5 1 0
0.952 0.5 2.40821 1 0
0.952 0.5 0.5 0 1.90821
0.952 1.5 0.5 0 1.90821
0.953 0.5 0.5 1 0
0.953 0.5 2.41012 1 0
0.953 0.5 0.5 0 1.91012
0.953 1.5 0.5 0 1.91012
0.954 0.5 0.5 1 0
0.954 0.5 2.41202 1 0
0.954 0.5 0.5 0 1.91202
0.954 1.5 0.5 0 1.91202
0.955 0.5 0.5 1 0
0.955 0.5 2.41394 1 0
0.955 0.5 0.5 0 1.91394
0.955 1.5 0.5 0 1.91394
0.956 0.5 0.5 1 0
0.956 0.5 2.41585 1 0
0.956 0.5 0.5 0 1.91585
0.956 1.5 0.5 0 1.91585
0.957 0.5 0.5 1 0
0.957 0.5 2.41776 1 0
0.957 0.5 0.5 0 1.91776
0.957 1.5 0.5 0 1.91776
0.958 0.5 0.5 1 0
0.958 0.5 2.41968 1 0
0.958 0.5 0.5 0 1.91968
0.958 1.5 0.5 0 1.91968
0.959 0.5 0.5 1 0
0.959 0.5 2.4216 1 0
0.959 0.5 0.5 0 1.9216
0.959 1.5 0.5 0 1.9216
0.96 0.5 0.5 1 0
0.96 0.5 2.42352 1 0
0.96 0.5 0.5 0 1.92352
0.96 1.5 0.5 0 1.92352
0.961 0.5 0.5 1 0
0.961 0.5 2.42544 1 0
0.961 0.5 0.5 0 1.92544
0.961 1.5 0.5 0 1.92544
0.962 0.5 0.5 1 0
0.962 0.5 2.42737 1 0
0.962 0.5 0.5 0 1.92737
0.962 1.5 0.5 0 1.92737
0.963 0.5 0.5 1 0
0.963 0.5 2.4293 1 0
0.963 0.5 0.5 0 1.9293
0.963 1.5 0.5 0 1.9293
0.964 0.5 0.5 1 0
0.964 0.5 2.43122 1 0
0.964 0.5 0.5 0 1.93122
0.964 1.5 0.5 0 1.93122
0.965 0.5 0.5 1 0
0.965 0.5 2.43316 1 0
0.965 0.5 0.5 0 1.93316
0.965 1.5 0.5 0 1.93316
0.966 0.5 0.5 1 0
0.966 0.5 2.43509 1 0
0.966 0.5 0.5 0 1.93509
0.966 1.5 0.5 0 1.93509
0.967 0.5 0.5 1 0
0.967 0.5 2.43702 1 0
0.967 0.5 0.5 0 1.93702
0.967 1.5 0.5 0 1.93702
0.968 0.5 0.5 1 0
0.968 0.5 2.43896 1 0
0.968 0.5 0.5 0 1.93896
0.968 1.5 0.5 0 1.93896
0.969 0.5 0.5 1 0
0.969 0.5 2.4409 1 0
0.969 0.5 0.5 0 1.9409
0.969 1.5 0.5 0 1.9409
0.97 0.5 0.5 1 0
0.97 0.5 2.44284 1 0
0.97 0.5 0.5 0 1.94284
0.97 1.5 0.5 0 1.94284
0.971 0.5 0.5 1 0
0.971 0.5 2.44478 1 0
0.971 0.5 0.5 0 1.94478
0.971 1.5 0.5 0 1.94478
0.972 0.5 0.5 1 0
0.972 0.5 2.44673 1 0
0.972 0.5 0.5 0 1.94673
0.972 1.5 0.5 0 1.94673
0.973 0.5 0.5 1 0
0.973 0.5 2.44868 1 0
0.973 0.5 0.5 0 1.94868
0.973 1.5 0.5 0 1.94868
0.974 0.5 0.5 1 0
0.974 0.5 2.45062 1 0
0.974 0.5 0.5 0 1.95062
0.974 1.5 0.5 0 1.95062
0.975 0.5 0.5 1 0
0.975 0.5 2.45258 1 0
0.975 0.5 0.5 0 1.95258
0.975 1.5 0.5 0 1.95258
0.976 0.5 0.5 1 0
0.976 0.5 2.45453 1 0
0.976 0.5 0.5 0 1.95453
0.976 1.5 0.5 0 1.95453
0.977 0.5 0.5 1 0
0.977 0.5 2.45648 1 0
0.977 0.5 0.5 0 1.95648
0.977 1.5 0.5 0 1.95648
0.978 0.5 0.5 1 0
0.978 0.5 2.45844 1 0
0.978 0.5 0.5 0 1.95844
0.978 1.5 0.5 0 1.95844
0.979 0.5 0.5 1 0
0.979 0.5 2.4604 1 0
0.979 0.5 0.5 0 1.9604
0.979 1.5 0.5 0 1.9604
0.98 0.5 0.5 1 0
0.98 0.5 2.46236 1 0
0.98 0.5 0.5 0 1.96236
0.98 1.5 0.5 0 1.96236
0.981 0.5 0.5 1 0
0.981 0.5 2.46432 1 0
0.981 0.5 0.5 0 1.96432
0.981 1.5 0.5 0 1.96432
0.982 0.5 0.5 1 0
0.982 0.5 2.46629 1 0
0.982 0.5 0.5 0 1.96629
0.982 1.5 0.5 0 1.96629
0.983 0.5 0.5 1 0
0.983 0.5 2.46826 1 0
0.983 0.5 0.5 0 1.96826
0.983 1.5 0.5 0 1.96826
0.984 0.5 0.5 1 0
0.984 0.5 2.47022 1 0
0.984 0.5 0.5 0 1.97022
0.984 1.5 0.5 0 1.97022
0.985 0.5 0.5 1 0
0.985 0.5 2.4722 1 0
0.985 0.5 0.5 0 1.9722
0.985 1.5 0.5 0 1.9722
0.986 0.5 0.5 1 0
0.986 0.5 2.47417 1 0
0.986 0.5 0.5 0 1.97417
0.986 1.5 0.5 0 1.97417
0.987 0.5 0.5 1 0
0.987 0.5 2.47614 1 0
0.987 0.5 0.5 0 1.97614
0.987 1.5 0.5 0 1.97614
0.988 0.5 0.5 1 0
0.988 0.5 2.47812 1 0
0.988 0.5 0.5 0 1.97812
0.988 1.5 0.5 0 1.97812
0.989 0.5 0.5 1 0
0.989 0.5 2.4801 1 0
0.989 0.5 0.5 0 1.9801
0.989 1.5 0.5 0 1.9801
0.99 0.5 0.5 1 0
0.99 0.5 2.48208 1 0
0.99 0.5 0.5 0 1.98208
0.99 1.5 0.5 0 1.98208
0.991 0.5 0.5 1 0
0.991 0.5 2.48406 1 0
0.991 0.5 0.5 0 1.98406
0.991 1.5 0.5 0 1.98406
0.992 0.5 0.5 1 0
0.992 0.5 2.48605 1 0
0.992 0.5 0.5 0 1.98605
0.992 1.5 0.5 0 1.98605
0.993 0.5 0.5 1 0
0.993 0.5 2.48804 1 0
0.993 0.5 0.5 0 1.98804
0.993 1.5 0.5 0 1.98804
0.994 0.5 0.5 1 0
0.994 0.5 2.49002 1 0
0.994 0.5 0.5 0 1.99002
0.994 1.5 0.5 0 1.99002
0.995 0.5 0.5 1 0
0.995 0.5 2.49202 1 0
0.995 0.5 0.5 0 1.99202
0.995 1.5 0.5 0 1.99202
0.996 0.5 0.5 1 0
0.996 0.5 2.49401 1 0
0.996 0.5 0.5 0 1.99401
0.996 1.5 0.5 0 1.99401
0.997 0.5 0.5 1 0
0.997 0.5 2.496 1 0
0.997 0.5 0.5 0 1.996
0.997 1.5 0.5 0 1.996
0.998 0.5 0.5 1 0
0.998 0.5 2.498 1 0
0.998 0.5 0.5 0 1.998
0.998 1.5 0.5 0 1.998
0.999 0.5 0.5 1 0
0.999 0.5 2.5 1 0
0.999 0.5 0.5 0 2
0.999 1.5 0.5 0 2
