0 0.333333 0.333334 0 0.000666667
0.001 0.333333 0.333335 0 0.00133333
0.002 0.333333 0.333336 0 0.002
0.003 0.333333 0.333339 0 0.00266667
0.004 0.333333 0.333342 0 0.00333333
0.005 0.333333 0.333345 0 0.004
0.006 0.333333 0.33335 0 0.00466667
0.007 0.333333 0.333355 0 0.00533333
0.008 0.333333 0.33336 0 0.006
0.009 0.333333 0.333367 0 0.00666667
0.01 0.333333 0.333374 0 0.00733333
0.011 0.333333 0.333381 0 0.008
0.012 0.333333 0.33339 0 0.00866667
0.013 0.333333 0.333399 0 0.00933333
0.014 0.333333 0.333408 0 0.01
0.015 0.333333 0.333419 0 0.0106667
0.016 0.333333 0.33343 0 0.0113333
0.017 0.333333 0.333441 0 0.012
0.018 0.333333 0.333454 0 0.0126667
0.019 0.333333 0.333467 0 0.0133333
0.02 0.333333 0.33348 0 0.014
0.021 0.333333 0.333495 0 0.0146667
0.022 0.333333 0.33351 0 0.0153333
0.023 0.333333 0.333525 0 0.016
0.024 0.333333 0.333542 0 0.0166667
0.025 0.333333 0.333559 0 0.0173333
0.026 0.333333 0.333576 0 0.018
0.027 0.333333 0.333595 0 0.0186667
0.028 0.333333 0.333614 0 0.0193333
0.029 0.333333 0.333633 0 0.02
0.03 0.333333 0.333654 0 0.0206667
0.031 0.333333 0.333675 0 0.0213333
0.032 0.333333 0.333696 0 0.022
0.033 0.333333 0.333719 0 0.0226667
0.034 0.333333 0.333742 0 0.0233333
0.035 0.333333 0.333765 0 0.024
0.036 0.333333 0.33379 0 0.0246667
0.037 0.333333 0.333815 0 0.0253333
0.038 0.333333 0.33384 0 0.026
0.039 0.333333 0.333867 0 0.0266667
0.04 0.333333 0.333894 0 0.0273333
0.041 0.333333 0.333921 0 0.028
0.042 0.333333 0.33395 0 0.0286667
0.043 0.333333 0.333979 0 0.0293333
0.044 0.333333 0.334008 0 0.03
0.045 0.333333 0.334039 0 0.0306667
0.046 0.333333 0.33407 0 0.0313333
0.047 0.333333 0.334101 0 0.032
0.048 0.333333 0.334134 0 0.0326667
0.049 0.333333 0.334167 0 0.0333333
0.05 0.333333 0.3342 0 0.034
0.051 0.333333 0.334235 0 0.0346667
0.052 0.333333 0.33427 0 0.0353333
0.053 0.333333 0.334305 0 0.036
0.054 0.333333 0.334342 0 0.0366667
0.055 0.333333 0.334379 0 0.0373333
0.056 0.333333 0.334416 0 0.038
0.057 0.333333 0.334455 0 0.0386667
0.058 0.333333 0.334494 0 0.0393333
0.059 0.333333 0.334533 0 0.04
0.06 0.333333 0.334574 0 0.0406667
0.061 0.333333 0.334615 0 0.0413333
0.062 0.333333 0.334656 0 0.042
0.063 0.333333 0.334699 0 0.0426667
0.064 0.333333 0.334742 0 0.0433333
0.065 0.333333 0.334785 0 0.044
0.066 0.333333 0.33483 0 0.0446667
0.067 0.333333 0.334875 0 0.0453333
0.068 0.333333 0.33492 0 0.046
0.069 0.333333 0.334967 0 0.0466667
0.07 0.333333 0.335014 0 0.0473333
0.071 0.333333 0.335061 0 0.048
0.072 0.333333 0.33511 0 0.0486667
0.073 0.333333 0.335159 0 0.0493333
0.074 0.333333 0.335208 0 0.05
0.075 0.333333 0.335259 0 0.0506667
0.076 0.333333 0.33531 0 0.0513333
0.077 0.333333 0.335361 0 0.052
0.078 0.333333 0.335414 0 0.0526667
0.079 0.333333 0.335467 0 0.0533333
0.08 0.333333 0.33552 0 0.054
0.081 0.333333 0.335575 0 0.0546667
0.082 0.333333 0.33563 0 0.0553333
0.083 0.333333 0.335685 0 0.056
0.084 0.333333 0.335742 0 0.0566667
0.085 0.333333 0.335799 0 0.0573333
0.086 0.333333 0.335856 0 0.058
0.087 0.333333 0.335915 0 0.0586667
0.088 0.333333 0.335974 0 0.0593333
0.089 0.333333 0.336033 0 0.06
0.09 0.333333 0.336094 0 0.0606667
0.091 0.333333 0.336155 0 0.0613333
0.092 0.333333 0.336216 0 0.062
0.093 0.333333 0.336279 0 0.0626667
0.094 0.333333 0.336342 0 0.0633333
0.095 0.333333 0.336405 0 0.064
0.096 0.333333 0.33647 0 0.0646667
0.097 0.333333 0.336535 0 0.0653333
0.098 0.333333 0.3366 0 0.066
0.099 0.333333 0.336667 0 0.0666667
0.1 0.333333 0.336734 0 0.0673333
0.101 0.333333 0.336801 0 0.068
0.102 0.333333 0.33687 0 0.0686667
0.103 0.333333 0.336939 0 0.0693333
0.104 0.333333 0.337008 0 0.07
0.105 0.333333 0.337079 0 0.0706667
0.106 0.333333 0.33715 0 0.0713333
0.107 0.333333 0.337221 0 0.072
0.108 0.333333 0.337294 0 0.0726667
0.109 0.333333 0.337367 0 0.0733333
0.11 0.333333 0.33744 0 0.074
0.111 0.333333 0.337515 0 0.0746667
0.112 0.333333 0.33759 0 0.0753333
0.113 0.333333 0.337665 0 0.076
0.114 0.333333 0.337742 0 0.0766667
0.115 0.333333 0.337819 0 0.0773333
0.116 0.333333 0.337896 0 0.078
0.117 0.333333 0.337975 0 0.0786667
0.118 0.333333 0.338054 0 0.0793333
0.119 0.333333 0.338133 0 0.08
0.12 0.333333 0.338214 0 0.0806667
0.121 0.333333 0.338295 0 0.0813333
0.122 0.333333 0.338376 0 0.082
0.123 0.333333 0.338459 0 0.0826667
0.124 0.333333 0.338542 0 0.0833333
0.125 0.333333 0.338625 0 0.084
0.126 0.333333 0.33871 0 0.0846667
0.127 0.333333 0.338795 0 0.0853333
0.128 0.333333 0.33888 0 0.086
0.129 0.333333 0.338967 0 0.0866667
0.13 0.333333 0.339054 0 0.0873333
0.131 0.333333 0.339141 0 0.088
0.132 0.333333 0.33923 0 0.0886667
0.133 0.333333 0.339319 0 0.0893333
0.134 0.333333 0.339408 0 0.09
0.135 0.333333 0.339499 0 0.0906667
0.136 0.333333 0.33959 0 0.0913333
0.137 0.333333 0.339681 0 0.092
0.138 0.333333 0.339774 0 0.0926667
0.139 0.333333 0.339867 0 0.0933333
0.14 0.333333 0.33996 0 0.094
0.141 0.333333 0.340055 0 0.0946667
0.142 0.333333 0.34015 0 0.0953333
0.143 0.333333 0.340245 0 0.096
0.144 0.333333 0.340342 0 0.0966667
0.145 0.333333 0.340439 0 0.0973333
0.146 0.333333 0.340536 0 0.098
0.147 0.333333 0.340635 0 0.0986667
0.148 0.333333 0.340734 0 0.0993333
0.149 0.333333 0.340833 0 0.1
0.15 0.333333 0.340934 0 0.100667
0.151 0.333333 0.341035 0 0.101333
0.152 0.333333 0.341136 0 0.102
0.153 0.333333 0.341239 0 0.102667
0.154 0.333333 0.341342 0 0.103333
0.155 0.333333 0.341445 0 0.104
0.156 0.333333 0.34155 0 0.104667
0.157 0.333333 0.341655 0 0.105333
0.158 0.333333 0.34176 0 0.106
0.159 0.333333 0.341867 0 0.106667
0.16 0.333333 0.341974 0 0.107333
0.161 0.333333 0.342081 0 0.108
0.162 0.333333 0.34219 0 0.108667
0.163 0.333333 0.342299 0 0.109333
0.164 0.333333 0.342408 0 0.11
0.165 0.333333 0.342519 0 0.110667
0.166 0.333333 0.34263 0 0.111333
0.167 0.333333 0.342741 0 0.112
0.168 0.333333 0.342854 0 0.112667
0.169 0.333333 0.342967 0 0.113333
0.17 0.333333 0.34308 0 0.114
0.171 0.333333 0.343195 0 0.114667
0.172 0.333333 0.34331 0 0.115333
0.173 0.333333 0.343425 0 0.116
0.174 0.333333 0.343542 0 0.116667
0.175 0.333333 0.343659 0 0.117333
0.176 0.333333 0.343776 0 0.118
0.177 0.333333 0.343895 0 0.118667
0.178 0.333333 0.344014 0 0.119333
0.179 0.333333 0.344133 0 0.12
0.18 0.333333 0.344254 0 0.120667
0.181 0.333333 0.344375 0 0.121333
0.182 0.333333 0.344496 0 0.122
0.183 0.333333 0.344619 0 0.122667
0.184 0.333333 0.344742 0 0.123333
0.185 0.333333 0.344865 0 0.124
0.186 0.333333 0.34499 0 0.124667
0.187 0.333333 0.345115 0 0.125333
0.188 0.333333 0.34524 0 0.126
0.189 0.333333 0.345367 0 0.126667
0.19 0.333333 0.345494 0 0.127333
0.191 0.333333 0.345621 0 0.128
0.192 0.333333 0.34575 0 0.128667
0.193 0.333333 0.345879 0 0.129333
0.194 0.333333 0.346008 0 0.13
0.195 0.333333 0.346139 0 0.130667
0.196 0.333333 0.34627 0 0.131333
0.197 0.333333 0.346401 0 0.132
0.198 0.333333 0.346534 0 0.132667
0.199 0.333333 0.346667 0 0.133333
0.2 0.333333 0.3468 0 0.134
0.201 0.333333 0.346935 0 0.134667
0.202 0.333333 0.34707 0 0.135333
0.203 0.333333 0.347205 0 0.136
0.204 0.333333 0.347342 0 0.136667
0.205 0.333333 0.347479 0 0.137333
0.206 0.333333 0.347616 0 0.138
0.207 0.333333 0.347755 0 0.138667
0.208 0.333333 0.347894 0 0.139333
0.209 0.333333 0.348033 0 0.14
0.21 0.333333 0.348174 0 0.140667
0.211 0.333333 0.348315 0 0.141333
0.212 0.333333 0.348456 0 0.142
0.213 0.333333 0.348599 0 0.142667
0.214 0.333333 0.348742 0 0.143333
0.215 0.333333 0.348885 0 0.144
0.216 0.333333 0.34903 0 0.144667
0.217 0.333333 0.349175 0 0.145333
0.218 0.333333 0.34932 0 0.146
0.219 0.333333 0.349467 0 0.146667
0.22 0.333333 0.349614 0 0.147333
0.221 0.333333 0.349761 0 0.148
0.222 0.333333 0.34991 0 0.148667
0.223 0.333333 0.350059 0 0.149333
0.224 0.333333 0.350208 0 0.15
0.225 0.333333 0.350359 0 0.150667
0.226 0.333333 0.35051 0 0.151333
0.227 0.333333 0.350661 0 0.152
0.228 0.333333 0.350814 0 0.152667
0.229 0.333333 0.350967 0 0.153333
0.23 0.333333 0.35112 0 0.154
0.231 0.333333 0.351275 0 0.154667
0.232 0.333333 0.35143 0 0.155333
0.233 0.333333 0.351585 0 0.156
0.234 0.333333 0.351742 0 0.156667
0.235 0.333333 0.351899 0 0.157333
0.236 0.333333 0.352056 0 0.158
0.237 0.333333 0.352215 0 0.158667
0.238 0.333333 0.352374 0 0.159333
0.239 0.333333 0.352533 0 0.16
0.24 0.333333 0.352694 0 0.160667
0.241 0.333333 0.352855 0 0.161333
0.242 0.333333 0.353016 0 0.162
0.243 0.333333 0.353179 0 0.162667
0.244 0.333333 0.353342 0 0.163333
0.245 0.333333 0.353505 0 0.164
0.246 0.333333 0.35367 0 0.164667
0.247 0.333333 0.353835 0 0.165333
0.248 0.333333 0.354 0 0.166
0.249 0.333333 0.354167 0 0.166667
0.25 0.333333 0.354334 0 0.167333
0.251 0.333333 0.354501 0 0.168
0.252 0.333333 0.35467 0 0.168667
0.253 0.333333 0.354839 0 0.169333
0.254 0.333333 0.355008 0 0.17
0.255 0.333333 0.355179 0 0.170667
0.256 0.333333 0.35535 0 0.171333
0.257 0.333333 0.355521 0 0.172
0.258 0.333333 0.355694 0 0.172667
0.259 0.333333 0.355867 0 0.173333
0.26 0.333333 0.35604 0 0.174
0.261 0.333333 0.356215 0 0.174667
0.262 0.333333 0.35639 0 0.175333
0.263 0.333333 0.356565 0 0.176
0.264 0.333333 0.356742 0 0.176667
0.265 0.333333 0.356919 0 0.177333
0.266 0.333333 0.357096 0 0.178
0.267 0.333333 0.357275 0 0.178667
0.268 0.333333 0.357454 0 0.179333
0.269 0.333333 0.357633 0 0.18
0.27 0.333333 0.357814 0 0.180667
0.271 0.333333 0.357995 0 0.181333
0.272 0.333333 0.358176 0 0.182
0.273 0.333333 0.358359 0 0.182667
0.274 0.333333 0.358542 0 0.183333
0.275 0.333333 0.358725 0 0.184
0.276 0.333333 0.35891 0 0.184667
0.277 0.333333 0.359095 0 0.185333
0.278 0.333333 0.35928 0 0.186
0.279 0.333333 0.359467 0 0.186667
0.28 0.333333 0.359654 0 0.187333
0.281 0.333333 0.359841 0 0.188
0.282 0.333333 0.36003 0 0.188667
0.283 0.333333 0.360219 0 0.189333
0.284 0.333333 0.360408 0 0.19
0.285 0.333333 0.360599 0 0.190667
0.286 0.333333 0.36079 0 0.191333
0.287 0.333333 0.360981 0 0.192
0.288 0.333333 0.361174 0 0.192667
0.289 0.333333 0.361367 0 0.193333
0.29 0.333333 0.36156 0 0.194
0.291 0.333333 0.361755 0 0.194667
0.292 0.333333 0.36195 0 0.195333
0.293 0.333333 0.362145 0 0.196
0.294 0.333333 0.362342 0 0.196667
0.295 0.333333 0.362539 0 0.197333
0.296 0.333333 0.362736 0 0.198
0.297 0.333333 0.362935 0 0.198667
0.298 0.333333 0.363134 0 0.199333
0.299 0.333333 0.363333 0 0.2
0.3 0.333333 0.363534 0 0.200667
0.301 0.333333 0.363735 0 0.201333
0.302 0.333333 0.363936 0 0.202
0.303 0.333333 0.364139 0 0.202667
0.304 0.333333 0.364342 0 0.203333
0.305 0.333333 0.364545 0 0.204
0.306 0.333333 0.36475 0 0.204667
0.307 0.333333 0.364955 0 0.205333
0.308 0.333333 0.36516 0 0.206
0.309 0.333333 0.365367 0 0.206667
0.31 0.333333 0.365574 0 0.207333
0.311 0.333333 0.365781 0 0.208
0.312 0.333333 0.36599 0 0.208667
0.313 0.333333 0.366199 0 0.209333
0.314 0.333333 0.366408 0 0.21
0.315 0.333333 0.366619 0 0.210667
0.316 0.333333 0.36683 0 0.211333
0.317 0.333333 0.367041 0 0.212
0.318 0.333333 0.367254 0 0.212667
0.319 0.333333 0.367467 0 0.213333
0.32 0.333333 0.36768 0 0.214
0.321 0.333333 0.367895 0 0.214667
0.322 0.333333 0.36811 0 0.215333
0.323 0.333333 0.368325 0 0.216
0.324 0.333333 0.368542 0 0.216667
0.325 0.333333 0.368759 0 0.217333
0.326 0.333333 0.368976 0 0.218
0.327 0.333333 0.369195 0 0.218667
0.328 0.333333 0.369414 0 0.219333
0.329 0.333333 0.369633 0 0.22
0.33 0.333333 0.369854 0 0.220667
0.331 0.333333 0.370075 0 0.221333
0.332 0.333333 0.370296 0 0.222
0.333 0.333333 0.370519 0 0.222667
0.334 0.333333 0.370742 0 0.223333
0.335 0.333333 0.370965 0 0.224
0.336 0.333333 0.37119 0 0.224667
0.337 0.333333 0.371415 0 0.225333
0.338 0.333333 0.37164 0 0.226
0.339 0.333333 0.371867 0 0.226667
0.34 0.333333 0.372094 0 0.227333
0.341 0.333333 0.372321 0 0.228
0.342 0.333333 0.37255 0 0.228667
0.343 0.333333 0.372779 0 0.229333
0.344 0.333333 0.373008 0 0.23
0.345 0.333333 0.373239 0 0.230667
0.346 0.333333 0.37347 0 0.231333
0.347 0.333333 0.373701 0 0.232
0.348 0.333333 0.373934 0 0.232667
0.349 0.333333 0.374167 0 0.233333
0.35 0.333333 0.3744 0 0.234
0.351 0.333333 0.374635 0 0.234667
0.352 0.333333 0.37487 0 0.235333
0.353 0.333333 0.375105 0 0.236
0.354 0.333333 0.375342 0 0.236667
0.355 0.333333 0.375579 0 0.237333
0.356 0.333333 0.375816 0 0.238
0.357 0.333333 0.376055 0 0.238667
0.358 0.333333 0.376294 0 0.239333
0.359 0.333333 0.376533 0 0.24
0.36 0.333333 0.376774 0 0.240667
0.361 0.333333 0.377015 0 0.241333
0.362 0.333333 0.377256 0 0.242
0.363 0.333333 0.377499 0 0.242667
0.364 0.333333 0.377742 0 0.243333
0.365 0.333333 0.377985 0 0.244
0.366 0.333333 0.37823 0 0.244667
0.367 0.333333 0.378475 0 0.245333
0.368 0.333333 0.37872 0 0.246
0.369 0.333333 0.378967 0 0.246667
0.37 0.333333 0.379214 0 0.247333
0.371 0.333333 0.379461 0 0.248
0.372 0.333333 0.37971 0 0.248667
0.373 0.333333 0.379959 0 0.249333
0.374 0.333333 0.380208 0 0.25
0.375 0.333333 0.380459 0 0.250667
0.376 0.333333 0.38071 0 0.251333
0.377 0.333333 0.380961 0 0.252
0.378 0.333333 0.381214 0 0.252667
0.379 0.333333 0.381467 0 0.253333
0.38 0.333333 0.38172 0 0.254
0.381 0.333333 0.381975 0 0.254667
0.382 0.333333 0.38223 0 0.255333
0.383 0.333333 0.382485 0 0.256
0.384 0.333333 0.382742 0 0.256667
0.385 0.333333 0.382999 0 0.257333
0.386 0.333333 0.383256 0 0.258
0.387 0.333333 0.383515 0 0.258667
0.388 0.333333 0.383774 0 0.259333
0.389 0.333333 0.384033 0 0.26
0.39 0.333333 0.384294 0 0.260667
0.391 0.333333 0.384555 0 0.261333
0.392 0.333333 0.384816 0 0.262
0.393 0.333333 0.385079 0 0.262667
0.394 0.333333 0.385342 0 0.263333
0.395 0.333333 0.385605 0 0.264
0.396 0.333333 0.38587 0 0.264667
0.397 0.333333 0.386135 0 0.265333
0.398 0.333333 0.3864 0 0.266
0.399 0.333333 0.386667 0 0.266667
0.4 0.333333 0.386934 0 0.267333
0.401 0.333333 0.387201 0 0.268
0.402 0.333333 0.38747 0 0.268667
0.403 0.333333 0.387739 0 0.269333
0.404 0.333333 0.388008 0 0.27
0.405 0.333333 0.388279 0 0.270667
0.406 0.333333 0.38855 0 0.271333
0.407 0.333333 0.388821 0 0.272
0.408 0.333333 0.389094 0 0.272667
0.409 0.333333 0.389367 0 0.273333
0.41 0.333333 0.38964 0 0.274
0.411 0.333333 0.389915 0 0.274667
0.412 0.333333 0.39019 0 0.275333
0.413 0.333333 0.390465 0 0.276
0.414 0.333333 0.390742 0 0.276667
0.415 0.333333 0.391019 0 0.277333
0.416 0.333333 0.391296 0 0.278
0.417 0.333333 0.391575 0 0.278667
0.418 0.333333 0.391854 0 0.279333
0.419 0.333333 0.392133 0 0.28
0.42 0.333333 0.392414 0 0.280667
0.421 0.333333 0.392695 0 0.281333
0.422 0.333333 0.392976 0 0.282
0.423 0.333333 0.393259 0 0.282667
0.424 0.333333 0.393542 0 0.283333
0.425 0.333333 0.393825 0 0.284
0.426 0.333333 0.39411 0 0.284667
0.427 0.333333 0.394395 0 0.285333
0.428 0.333333 0.39468 0 0.286
0.429 0.333333 0.394967 0 0.286667
0.43 0.333333 0.395254 0 0.287333
0.431 0.333333 0.395541 0 0.288
0.432 0.333333 0.39583 0 0.288667
0.433 0.333333 0.396119 0 0.289333
0.434 0.333333 0.396408 0 0.29
0.435 0.333333 0.396699 0 0.290667
0.436 0.333333 0.39699 0 0.291333
0.437 0.333333 0.397281 0 0.292
0.438 0.333333 0.397574 0 0.292667
0.439 0.333333 0.397867 0 0.293333
0.44 0.333333 0.39816 0 0.294
0.441 0.333333 0.398455 0 0.294667
0.442 0.333333 0.39875 0 0.295333
0.443 0.333333 0.399045 0 0.296
0.444 0.333333 0.399342 0 0.296667
0.445 0.333333 0.399639 0 0.297333
0.446 0.333333 0.399936 0 0.298
0.447 0.333333 0.400235 0 0.298667
0.448 0.333333 0.400534 0 0.299333
0.449 0.333333 0.400833 0 0.3
0.45 0.333333 0.401134 0 0.300667
0.451 0.333333 0.401435 0 0.301333
0.452 0.333333 0.401736 0 0.302
0.453 0.333333 0.402039 0 0.302667
0.454 0.333333 0.402342 0 0.303333
0.455 0.333333 0.402645 0 0.304
0.456 0.333333 0.40295 0 0.304667
0.457 0.333333 0.403255 0 0.305333
0.458 0.333333 0.40356 0 0.306
0.459 0.333333 0.403867 0 0.306667
0.46 0.333333 0.404174 0 0.307333
0.461 0.333333 0.404481 0 0.308
0.462 0.333333 0.40479 0 0.308667
0.463 0.333333 0.405099 0 0.309333
0.464 0.333333 0.405408 0 0.31
0.465 0.333333 0.405719 0 0.310667
0.466 0.333333 0.40603 0 0.311333
0.467 0.333333 0.406341 0 0.312
0.468 0.333333 0.406654 0 0.312667
0.469 0.333333 0.406967 0 0.313333
0.47 0.333333 0.40728 0 0.314
0.471 0.333333 0.407595 0 0.314667
0.472 0.333333 0.40791 0 0.315333
0.473 0.333333 0.408225 0 0.316
0.474 0.333333 0.408542 0 0.316667
0.475 0.333333 0.408859 0 0.317333
0.476 0.333333 0.409176 0 0.318
0.477 0.333333 0.409495 0 0.318667
0.478 0.333333 0.409814 0 0.319333
0.479 0.333333 0.410133 0 0.32
0.48 0.333333 0.410454 0 0.320667
0.481 0.333333 0.410775 0 0.321333
0.482 0.333333 0.411096 0 0.322
0.483 0.333333 0.411419 0 0.322667
0.484 0.333333 0.411742 0 0.323333
0.485 0.333333 0.412065 0 0.324
0.486 0.333333 0.41239 0 0.324667
0.487 0.333333 0.412715 0 0.325333
0.488 0.333333 0.41304 0 0.326
0.489 0.333333 0.413367 0 0.326667
0.49 0.333333 0.413694 0 0.327333
0.491 0.333333 0.414021 0 0.328
0.492 0.333333 0.41435 0 0.328667
0.493 0.333333 0.414679 0 0.329333
0.494 0.333333 0.415008 0 0.33
0.495 0.333333 0.415339 0 0.330667
0.496 0.333333 0.41567 0 0.331333
0.497 0.333333 0.416001 0 0.332
0.498 0.333333 0.416334 0 0.332667
0.499 0.333333 0.416667 0 0.333333
0.5 0.333333 0.417 0 0.334
0.501 0.333333 0.417335 0 0.334667
0.502 0.333333 0.41767 0 0.335333
0.503 0.333333 0.418005 0 0.336
0.504 0.333333 0.418342 0 0.336667
0.505 0.333333 0.418679 0 0.337333
0.506 0.333333 0.419016 0 0.338
0.507 0.333333 0.419355 0 0.338667
0.508 0.333333 0.419694 0 0.339333
0.509 0.333333 0.420033 0 0.34
0.51 0.333333 0.420374 0 0.340667
0.511 0.333333 0.420715 0 0.341333
0.512 0.333333 0.421056 0 0.342
0.513 0.333333 0.421399 0 0.342667
0.514 0.333333 0.421742 0 0.343333
0.515 0.333333 0.422085 0 0.344
0.516 0.333333 0.42243 0 0.344667
0.517 0.333333 0.422775 0 0.345333
0.518 0.333333 0.42312 0 0.346
0.519 0.333333 0.423467 0 0.346667
0.52 0.333333 0.423814 0 0.347333
0.521 0.333333 0.424161 0 0.348
0.522 0.333333 0.42451 0 0.348667
0.523 0.333333 0.424859 0 0.349333
0.524 0.333333 0.425208 0 0.35
0.525 0.333333 0.425559 0 0.350667
0.526 0.333333 0.42591 0 0.351333
0.527 0.333333 0.426261 0 0.352
0.528 0.333333 0.426614 0 0.352667
0.529 0.333333 0.426967 0 0.353333
0.53 0.333333 0.42732 0 0.354
0.531 0.333333 0.427675 0 0.354667
0.532 0.333333 0.42803 0 0.355333
0.533 0.333333 0.428385 0 0.356
0.534 0.333333 0.428742 0 0.356667
0.535 0.333333 0.429099 0 0.357333
0.536 0.333333 0.429456 0 0.358
0.537 0.333333 0.429815 0 0.358667
0.538 0.333333 0.430174 0 0.359333
0.539 0.333333 0.430533 0 0.36
0.54 0.333333 0.430894 0 0.360667
0.541 0.333333 0.431255 0 0.361333
0.542 0.333333 0.431616 0 0.362
0.543 0.333333 0.431979 0 0.362667
0.544 0.333333 0.432342 0 0.363333
0.545 0.333333 0.432705 0 0.364
0.546 0.333333 0.43307 0 0.364667
0.547 0.333333 0.433435 0 0.365333
0.548 0.333333 0.4338 0 0.366
0.549 0.333333 0.434167 0 0.366667
0.55 0.333333 0.434534 0 0.367333
0.551 0.333333 0.434901 0 0.368
0.552 0.333333 0.43527 0 0.368667
0.553 0.333333 0.435639 0 0.369333
0.554 0.333333 0.436008 0 0.37
0.555 0.333333 0.436379 0 0.370667
0.556 0.333333 0.43675 0 0.371333
0.557 0.333333 0.437121 0 0.372
0.558 0.333333 0.437494 0 0.372667
0.559 0.333333 0.437867 0 0.373333
0.56 0.333333 0.43824 0 0.374
0.561 0.333333 0.438615 0 0.374667
0.562 0.333333 0.43899 0 0.375333
0.563 0.333333 0.439365 0 0.376
0.564 0.333333 0.439742 0 0.376667
0.565 0.333333 0.440119 0 0.377333
0.566 0.333333 0.440496 0 0.378
0.567 0.333333 0.440875 0 0.378667
0.568 0.333333 0.441254 0 0.379333
0.569 0.333333 0.441633 0 0.38
0.57 0.333333 0.442014 0 0.380667
0.571 0.333333 0.442395 0 0.381333
0.572 0.333333 0.442776 0 0.382
0.573 0.333333 0.443159 0 0.382667
0.574 0.333333 0.443542 0 0.383333
0.575 0.333333 0.443925 0 0.384
0.576 0.333333 0.44431 0 0.384667
0.577 0.333333 0.444695 0 0.385333
0.578 0.333333 0.44508 0 0.386
0.579 0.333333 0.445467 0 0.386667
0.58 0.333333 0.445854 0 0.387333
0.581 0.333333 0.446241 0 0.388
0.582 0.333333 0.44663 0 0.388667
0.583 0.333333 0.447019 0 0.389333
0.584 0.333333 0.447408 0 0.39
0.585 0.333333 0.447799 0 0.390667
0.586 0.333333 0.44819 0 0.391333
0.587 0.333333 0.448581 0 0.392
0.588 0.333333 0.448974 0 0.392667
0.589 0.333333 0.449367 0 0.393333
0.59 0.333333 0.44976 0 0.394
0.591 0.333333 0.450155 0 0.394667
0.592 0.333333 0.45055 0 0.395333
0.593 0.333333 0.450945 0 0.396
0.594 0.333333 0.451342 0 0.396667
0.595 0.333333 0.451739 0 0.397333
0.596 0.333333 0.452136 0 0.398
0.597 0.333333 0.452535 0 0.398667
0.598 0.333333 0.452934 0 0.399333
0.599 0.333333 0.453333 0 0.4
0.6 0.333333 0.453734 0 0.400667
0.601 0.333333 0.454135 0 0.401333
0.602 0.333333 0.454536 0 0.402
0.603 0.333333 0.454939 0 0.402667
0.604 0.333333 0.455342 0 0.403333
0.605 0.333333 0.455745 0 0.404
0.606 0.333333 0.45615 0 0.404667
0.607 0.333333 0.456555 0 0.405333
0.608 0.333333 0.45696 0 0.406
0.609 0.333333 0.457367 0 0.406667
0.61 0.333333 0.457774 0 0.407333
0.611 0.333333 0.458181 0 0.408
0.612 0.333333 0.45859 0 0.408667
0.613 0.333333 0.458999 0 0.409333
0.614 0.333333 0.459408 0 0.41
0.615 0.333333 0.459819 0 0.410667
0.616 0.333333 0.46023 0 0.411333
0.617 0.333333 0.460641 0 0.412
0.618 0.333333 0.461054 0 0.412667
0.619 0.333333 0.461467 0 0.413333
0.62 0.333333 0.46188 0 0.414
0.621 0.333333 0.462295 0 0.414667
0.622 0.333333 0.46271 0 0.415333
0.623 0.333333 0.463125 0 0.416
0.624 0.333333 0.463542 0 0.416667
0.625 0.333333 0.463959 0 0.417333
0.626 0.333333 0.464376 0 0.418
0.627 0.333333 0.464795 0 0.418667
0.628 0.333333 0.465214 0 0.419333
0.629 0.333333 0.465633 0 0.42
0.63 0.333333 0.466054 0 0.420667
0.631 0.333333 0.466475 0 0.421333
0.632 0.333333 0.466896 0 0.422
0.633 0.333333 0.467319 0 0.422667
0.634 0.333333 0.467742 0 0.423333
0.635 0.333333 0.468165 0 0.424
0.636 0.333333 0.46859 0 0.424667
0.637 0.333333 0.469015 0 0.425333
0.638 0.333333 0.46944 0 0.426
0.639 0.333333 0.469867 0 0.426667
0.64 0.333333 0.470294 0 0.427333
0.641 0.333333 0.470721 0 0.428
0.642 0.333333 0.47115 0 0.428667
0.643 0.333333 0.471579 0 0.429333
0.644 0.333333 0.472008 0 0.43
0.645 0.333333 0.472439 0 0.430667
0.646 0.333333 0.47287 0 0.431333
0.647 0.333333 0.473301 0 0.432
0.648 0.333333 0.473734 0 0.432667
0.649 0.333333 0.474167 0 0.433333
0.65 0.333333 0.4746 0 0.434
0.651 0.333333 0.475035 0 0.434667
0.652 0.333333 0.47547 0 0.435333
0.653 0.333333 0.475905 0 0.436
0.654 0.333333 0.476342 0 0.436667
0.655 0.333333 0.476779 0 0.437333
0.656 0.333333 0.477216 0 0.438
0.657 0.333333 0.477655 0 0.438667
0.658 0.333333 0.478094 0 0.439333
0.659 0.333333 0.478533 0 0.44
0.66 0.333333 0.478974 0 0.440667
0.661 0.333333 0.479415 0 0.441333
0.662 0.333333 0.479856 0 0.442
0.663 0.333333 0.480299 0 0.442667
0.664 0.333333 0.480742 0 0.443333
0.665 0.333333 0.481185 0 0.444
0.666 0.333333 0.48163 0 0.444667
0.667 0.333333 0.482075 0 0.445333
0.668 0.333333 0.48252 0 0.446
0.669 0.333333 0.482967 0 0.446667
0.67 0.333333 0.483414 0 0.447333
0.671 0.333333 0.483861 0 0.448
0.672 0.333333 0.48431 0 0.448667
0.673 0.333333 0.484759 0 0.449333
0.674 0.333333 0.485208 0 0.45
0.675 0.333333 0.485659 0 0.450667
0.676 0.333333 0.48611 0 0.451333
0.677 0.333333 0.486561 0 0.452
0.678 0.333333 0.487014 0 0.452667
0.679 0.333333 0.487467 0 0.453333
0.68 0.333333 0.48792 0 0.454
0.681 0.333333 0.488375 0 0.454667
0.682 0.333333 0.48883 0 0.455333
0.683 0.333333 0.489285 0 0.456
0.684 0.333333 0.489742 0 0.456667
0.685 0.333333 0.490199 0 0.457333
0.686 0.333333 0.490656 0 0.458
0.687 0.333333 0.491115 0 0.458667
0.688 0.333333 0.491574 0 0.459333
0.689 0.333333 0.492033 0 0.46
0.69 0.333333 0.492494 0 0.460667
0.691 0.333333 0.492955 0 0.461333
0.692 0.333333 0.493416 0 0.462
0.693 0.333333 0.493879 0 0.462667
0.694 0.333333 0.494342 0 0.463333
0.695 0.333333 0.494805 0 0.464
0.696 0.333333 0.49527 0 0.464667
0.697 0.333333 0.495735 0 0.465333
0.698 0.333333 0.4962 0 0.466
0.699 0.333333 0.496667 0 0.466667
0.7 0.333333 0.497134 0 0.467333
0.701 0.333333 0.497601 0 0.468
0.702 0.333333 0.49807 0 0.468667
0.703 0.333333 0.498539 0 0.469333
0.704 0.333333 0.499008 0 0.47
0.705 0.333333 0.499479 0 0.470667
0.706 0.333333 0.49995 0 0.471333
0.707 0.333333 0.500421 0 0.472
0.708 0.333333 0.500894 0 0.472667
0.709 0.333333 0.501367 0 0.473333
0.71 0.333333 0.50184 0 0.474
0.711 0.333333 0.502315 0 0.474667
0.712 0.333333 0.50279 0 0.475333
0.713 0.333333 0.503265 0 0.476
0.714 0.333333 0.503742 0 0.476667
0.715 0.333333 0.504219 0 0.477333
0.716 0.333333 0.504696 0 0.478
0.717 0.333333 0.505175 0 0.478667
0.718 0.333333 0.505654 0 0.479333
0.719 0.333333 0.506133 0 0.48
0.72 0.333333 0.506614 0 0.480667
0.721 0.333333 0.507095 0 0.481333
0.722 0.333333 0.507576 0 0.482
0.723 0.333333 0.508059 0 0.482667
0.724 0.333333 0.508542 0 0.483333
0.725 0.333333 0.509025 0 0.484
0.726 0.333333 0.50951 0 0.484667
0.727 0.333333 0.509995 0 0.485333
0.728 0.333333 0.51048 0 0.486
0.729 0.333333 0.510967 0 0.486667
0.73 0.333333 0.511454 0 0.487333
0.731 0.333333 0.511941 0 0.488
0.732 0.333333 0.51243 0 0.488667
0.733 0.333333 0.512919 0 0.489333
0.734 0.333333 0.513408 0 0.49
0.735 0.333333 0.513899 0 0.490667
0.736 0.333333 0.51439 0 0.491333
0.737 0.333333 0.514881 0 0.492
0.738 0.333333 0.515374 0 0.492667
0.739 0.333333 0.515867 0 0.493333
0.74 0.333333 0.51636 0 0.494
0.741 0.333333 0.516855 0 0.494667
0.742 0.333333 0.51735 0 0.495333
0.743 0.333333 0.517845 0 0.496
0.744 0.333333 0.518342 0 0.496667
0.745 0.333333 0.518839 0 0.497333
0.746 0.333333 0.519336 0 0.498
0.747 0.333333 0.519835 0 0.498667
0.748 0.333333 0.520334 0 0.499333
0.749 0.333333 0.520833 0 0.5
0.75 0.333333 0.521334 0 0.500667
0.751 0.333333 0.521835 0 0.501333
0.752 0.333333 0.522336 0 0.502
0.753 0.333333 0.522839 0 0.502667
0.754 0.333333 0.523342 0 0.503333
0.755 0.333333 0.523845 0 0.504
0.756 0.333333 0.52435 0 0.504667
0.757 0.333333 0.524855 0 0.505333
0.758 0.333333 0.52536 0 0.506
0.759 0.333333 0.525867 0 0.506667
0.76 0.333333 0.526374 0 0.507333
0.761 0.333333 0.526881 0 0.508
0.762 0.333333 0.52739 0 0.508667
0.763 0.333333 0.527899 0 0.509333
0.764 0.333333 0.528408 0 0.51
0.765 0.333333 0.528919 0 0.510667
0.766 0.333333 0.52943 0 0.511333
0.767 0.333333 0.529941 0 0.512
0.768 0.333333 0.530454 0 0.512667
0.769 0.333333 0.530967 0 0.513333
0.77 0.333333 0.53148 0 0.514
0.771 0.333333 0.531995 0 0.514667
0.772 0.333333 0.53251 0 0.515333
0.773 0.333333 0.533025 0 0.516
0.774 0.333333 0.533542 0 0.516667
0.775 0.333333 0.534059 0 0.517333
0.776 0.333333 0.534576 0 0.518
0.777 0.333333 0.535095 0 0.518667
0.778 0.333333 0.535614 0 0.519333
0.779 0.333333 0.536133 0 0.52
0.78 0.333333 0.536654 0 0.520667
0.781 0.333333 0.537175 0 0.521333
0.782 0.333333 0.537696 0 0.522
0.783 0.333333 0.538219 0 0.522667
0.784 0.333333 0.538742 0 0.523333
0.785 0.333333 0.539265 0 0.524
0.786 0.333333 0.53979 0 0.524667
0.787 0.333333 0.540315 0 0.525333
0.788 0.333333 0.54084 0 0.526
0.789 0.333333 0.541367 0 0.526667
0.79 0.333333 0.541894 0 0.527333
0.791 0.333333 0.542421 0 0.528
0.792 0.333333 0.54295 0 0.528667
0.793 0.333333 0.543479 0 0.529333
0.794 0.333333 0.544008 0 0.53
0.795 0.333333 0.544539 0 0.530667
0.796 0.333333 0.54507 0 0.531333
0.797 0.333333 0.545601 0 0.532
0.798 0.333333 0.546134 0 0.532667
0.799 0.333333 0.546667 0 0.533333
0.8 0.333333 0.5472 0 0.534
0.801 0.333333 0.547735 0 0.534667
0.802 0.333333 0.54827 0 0.535333
0.803 0.333333 0.548805 0 0.536
0.804 0.333333 0.549342 0 0.536667
0.805 0.333333 0.549879 0 0.537333
0.806 0.333333 0.550416 0 0.538
0.807 0.333333 0.550955 0 0.538667
0.808 0.333333 0.551494 0 0.539333
0.809 0.333333 0.552033 0 0.54
0.81 0.333333 0.552574 0 0.540667
0.811 0.333333 0.553115 0 0.541333
0.812 0.333333 0.553656 0 0.542
0.813 0.333333 0.554199 0 0.542667
0.814 0.333333 0.554742 0 0.543333
0.815 0.333333 0.555285 0 0.544
0.816 0.333333 0.55583 0 0.544667
0.817 0.333333 0.556375 0 0.545333
0.818 0.333333 0.55692 0 0.546
0.819 0.333333 0.557467 0 0.546667
0.82 0.333333 0.558014 0 0.547333
0.821 0.333333 0.558561 0 0.548
0.822 0.333333 0.55911 0 0.548667
0.823 0.333333 0.559659 0 0.549333
0.824 0.333333 0.560208 0 0.55
0.825 0.333333 0.560759 0 0.550667
0.826 0.333333 0.56131 0 0.551333
0.827 0.333333 0.561861 0 0.552
0.828 0.333333 0.562414 0 0.552667
0.829 0.333333 0.562967 0 0.553333
0.83 0.333333 0.56352 0 0.554
0.831 0.333333 0.564075 0 0.554667
0.832 0.333333 0.56463 0 0.555333
0.833 0.333333 0.565185 0 0.556
0.834 0.333333 0.565742 0 0.556667
0.835 0.333333 0.566299 0 0.557333
0.836 0.333333 0.566856 0 0.558
0.837 0.333333 0.567415 0 0.558667
0.838 0.333333 0.567974 0 0.559333
0.839 0.333333 0.568533 0 0.56
0.84 0.333333 0.569094 0 0.560667
0.841 0.333333 0.569655 0 0.561333
0.842 0.333333 0.570216 0 0.562
0.843 0.333333 0.570779 0 0.562667
0.844 0.333333 0.571342 0 0.563333
0.845 0.333333 0.571905 0 0.564
0.846 0.333333 0.57247 0 0.564667
0.847 0.333333 0.573035 0 0.565333
0.848 0.333333 0.5736 0 0.566
0.849 0.333333 0.574167 0 0.566667
0.85 0.333333 0.574734 0 0.567333
0.851 0.333333 0.575301 0 0.568
0.852 0.333333 0.57587 0 0.568667
0.853 0.333333 0.576439 0 0.569333
0.854 0.333333 0.577008 0 0.57
0.855 0.333333 0.577579 0 0.570667
0.856 0.333333 0.57815 0 0.571333
0.857 0.333333 0.578721 0 0.572
0.858 0.333333 0.579294 0 0.572667
0.859 0.333333 0.579867 0 0.573333
0.86 0.333333 0.58044 0 0.574
0.861 0.333333 0.581015 0 0.574667
0.862 0.333333 0.58159 0 0.575333
0.863 0.333333 0.582165 0 0.576
0.864 0.333333 0.582742 0 0.576667
0.865 0.333333 0.583319 0 0.577333
0.866 0.333333 0.583896 0 0.578
0.867 0.333333 0.584475 0 0.578667
0.868 0.333333 0.585054 0 0.579333
0.869 0.333333 0.585633 0 0.58
0.87 0.333333 0.586214 0 0.580667
0.871 0.333333 0.586795 0 0.581333
0.872 0.333333 0.587376 0 0.582
0.873 0.333333 0.587959 0 0.582667
0.874 0.333333 0.588542 0 0.583333
0.875 0.333333 0.589125 0 0.584
0.876 0.333333 0.58971 0 0.584667
0.877 0.333333 0.590295 0 0.585333
0.878 0.333333 0.59088 0 0.586
0.879 0.333333 0.591467 0 0.586667
0.88 0.333333 0.592054 0 0.587333
0.881 0.333333 0.592641 0 0.588
0.882 0.333333 0.59323 0 0.588667
0.883 0.333333 0.593819 0 0.589333
0.884 0.333333 0.594408 0 0.59
0.885 0.333333 0.594999 0 0.590667
0.886 0.333333 0.59559 0 0.591333
0.887 0.333333 0.596181 0 0.592
0.888 0.333333 0.596774 0 0.592667
0.889 0.333333 0.597367 0 0.593333
0.89 0.333333 0.59796 0 0.594
0.891 0.333333 0.598555 0 0.594667
0.892 0.333333 0.59915 0 0.595333
0.893 0.333333 0.599745 0 0.596
0.894 0.333333 0.600342 0 0.596667
0.895 0.333333 0.600939 0 0.597333
0.896 0.333333 0.601536 0 0.598
0.897 0.333333 0.602135 0 0.598667
0.898 0.333333 0.602734 0 0.599333
0.899 0.333333 0.603333 0 0.6
0.9 0.333333 0.603934 0 0.600667
0.901 0.333333 0.604535 0 0.601333
0.902 0.333333 0.605136 0 0.602
0.903 0.333333 0.605739 0 0.602667
0.904 0.333333 0.606342 0 0.603333
0.905 0.333333 0.606945 0 0.604
0.906 0.333333 0.60755 0 0.604667
0.907 0.333333 0.608155 0 0.605333
0.908 0.333333 0.60876 0 0.606
0.909 0.333333 0.609367 0 0.606667
0.91 0.333333 0.609974 0 0.607333
0.911 0.333333 0.610581 0 0.608
0.912 0.333333 0.61119 0 0.608667
0.913 0.333333 0.611799 0 0.609333
0.914 0.333333 0.612408 0 0.61
0.915 0.333333 0.613019 0 0.610667
0.916 0.333333 0.61363 0 0.611333
0.917 0.333333 0.614241 0 0.612
0.918 0.333333 0.614854 0 0.612667
0.919 0.333333 0.615467 0 0.613333
0.92 0.333333 0.61608 0 0.614
0.921 0.333333 0.616695 0 0.614667
0.922 0.333333 0.61731 0 0.615333
0.923 0.333333 0.617925 0 0.616
0.924 0.333333 0.618542 0 0.616667
0.925 0.333333 0.619159 0 0.617333
0.926 0.333333 0.619776 0 0.618
0.927 0.333333 0.620395 0 0.618667
0.928 0.333333 0.621014 0 0.619333
0.929 0.333333 0.621633 0 0.62
0.93 0.333333 0.622254 0 0.620667
0.931 0.333333 0.622875 0 0.621333
0.932 0.333333 0.623496 0 0.622
0.933 0.333333 0.624119 0 0.622667
0.934 0.333333 0.624742 0 0.623333
0.935 0.333333 0.625365 0 0.624
0.936 0.333333 0.62599 0 0.624667
0.937 0.333333 0.626615 0 0.625333
0.938 0.333333 0.62724 0 0.626
0.939 0.333333 0.627867 0 0.626667
0.94 0.333333 0.628494 0 0.627333
0.941 0.333333 0.629121 0 0.628
0.942 0.333333 0.62975 0 0.628667
0.943 0.333333 0.630379 0 0.629333
0.944 0.333333 0.631008 0 0.63
0.945 0.333333 0.631639 0 0.630667
0.946 0.333333 0.63227 0 0.631333
0.947 0.333333 0.632901 0 0.632
0.948 0.333333 0.633534 0 0.632667
0.949 0.333333 0.634167 0 0.633333
0.95 0.333333 0.6348 0 0.634
0.951 0.333333 0.635435 0 0.634667
0.952 0.333333 0.63607 0 0.635333
0.953 0.333333 0.636705 0 0.636
0.954 0.333333 0.637342 0 0.636667
0.955 0.333333 0.637979 0 0.637333
0.956 0.333333 0.638616 0 0.638
0.957 0.333333 0.639255 0 0.638667
0.958 0.333333 0.639894 0 0.639333
0.959 0.333333 0.640533 0 0.64
0.96 0.333333 0.641174 0 0.640667
0.961 0.333333 0.641815 0 0.641333
0.962 0.333333 0.642456 0 0.642
0.963 0.333333 0.643099 0 0.642667
0.964 0.333333 0.643742 0 0.643333
0.965 0.333333 0.644385 0 0.644
0.966 0.333333 0.64503 0 0.644667
0.967 0.333333 0.645675 0 0.645333
0.968 0.333333 0.64632 0 0.646
0.969 0.333333 0.646967 0 0.646667
0.97 0.333333 0.647614 0 0.647333
0.971 0.333333 0.648261 0 0.648
0.972 0.333333 0.64891 0 0.648667
0.973 0.333333 0.649559 0 0.649333
0.974 0.333333 0.650208 0 0.65
0.975 0.333333 0.650859 0 0.650667
0.976 0.333333 0.65151 0 0.651333
0.977 0.333333 0.652161 0 0.652
0.978 0.333333 0.652814 0 0.652667
0.979 0.333333 0.653467 0 0.653333
0.98 0.333333 0.65412 0 0.654
0.981 0.333333 0.654775 0 0.654667
0.982 0.333333 0.65543 0 0.655333
0.983 0.333333 0.656085 0 0.656
0.984 0.333333 0.656742 0 0.656667
0.985 0.333333 0.657399 0 0.657333
0.986 0.333333 0.658056 0 0.658
0.987 0.333333 0.658715 0 0.658667
0.988 0.333333 0.659374 0 0.659333
0.989 0.333333 0.660033 0 0.66
0.99 0.333333 0.660694 0 0.660667
0.991 0.333333 0.661355 0 0.661333
0.992 0.333333 0.662016 0 0.662
0.993 0.333333 0.662679 0 0.662667
0.994 0.333333 0.663342 0 0.663333
0.995 0.333333 0.664005 0 0.664
0.996 0.333333 0.66467 0 0.664667
0.997 0.333333 0.665335 0 0.665333
0.998 0.333333 0.666 0 0.666
0.999 0.333333 0.666667 0 0.666667
