0 0 0 1e-06 1e-06 1e-06 1e-06 01e-06
0 0 0 4e-06 4e-06 4e-06 4e-06 04e-06
0 0 0 9e-06 9e-06 9e-06 9e-06 09e-06
0 0 0 1.6e-05 1.6e-05 1.6e-05 1.6e-05 01.6e-05
0 0 0 2.5e-05 2.5e-05 2.5e-05 2.5e-05 02.5e-05
0 0 0 3.6e-05 3.6e-05 3.6e-05 3.6e-05 03.6e-05
0 0 0 4.9e-05 4.9e-05 4.9e-05 4.9e-05 04.9e-05
0 0 0 6.4e-05 6.4e-05 6.4e-05 6.4e-05 06.4e-05
0 0 0 8.1e-05 8.1e-05 8.1e-05 8.1e-05 08.1e-05
0 0 0 0.0001 0.0001 0.0001 0.0001 00.0001
0 0 0 0.000121 0.000121 0.000121 0.000121 00.000121
0 0 0 0.000144 0.000144 0.000144 0.000144 00.000144
0 0 0 0.000169 0.000169 0.000169 0.000169 00.000169
0 0 0 0.000196 0.000196 0.000196 0.000196 00.000196
0 0 0 0.000225 0.000225 0.000225 0.000225 00.000225
0 0 0 0.000256 0.000256 0.000256 0.000256 00.000256
0 0 0 0.000289 0.000289 0.000289 0.000289 00.000289
0 0 0 0.000324 0.000324 0.000324 0.000324 00.000324
0 0 0 0.000361 0.000361 0.000361 0.000361 00.000361
0 0 0 0.0004 0.0004 0.0004 0.0004 00.0004
0 0 0 0.000441 0.000441 0.000441 0.000441 00.000441
0 0 0 0.000484 0.000484 0.000484 0.000484 00.000484
0 0 0 0.000529 0.000529 0.000529 0.000529 00.000529
0 0 0 0.000576 0.000576 0.000576 0.000576 00.000576
0 0 0 0.000625 0.000625 0.000625 0.000625 00.000625
0 0 0 0.000676 0.000676 0.000676 0.000676 00.000676
0 0 0 0.000729 0.000729 0.000729 0.000729 00.000729
0 0 0 0.000784 0.000784 0.000784 0.000784 00.000784
0 0 0 0.000841 0.000841 0.000841 0.000841 00.000841
0 0 0 0.0009 0.0009 0.0009 0.0009 00.0009
0 0 0 0.000961 0.000961 0.000961 0.000961 00.000961
0 0 0 0.001024 0.001024 0.001024 0.001024 00.001024
0 0 0 0.001089 0.001089 0.001089 0.001089 00.001089
0 0 0 0.001156 0.001156 0.001156 0.001156 00.001156
0 0 0 0.001225 0.001225 0.001225 0.001225 00.001225
0 0 0 0.001296 0.001296 0.001296 0.001296 00.001296
0 0 0 0.001369 0.001369 0.001369 0.001369 00.001369
0 0 0 0.001444 0.001444 0.001444 0.001444 00.001444
0 0 0 0.001521 0.001521 0.001521 0.001521 00.001521
0 0 0 0.0016 0.0016 0.0016 0.0016 00.0016
0 0 0 0.001681 0.001681 0.001681 0.001681 00.001681
0 0 0 0.001764 0.001764 0.001764 0.001764 00.001764
0 0 0 0.001849 0.001849 0.001849 0.001849 00.001849
0 0 0 0.001936 0.001936 0.001936 0.001936 00.001936
0 0 0 0.002025 0.002025 0.002025 0.002025 00.002025
0 0 0 0.002116 0.002116 0.002116 0.002116 00.002116
0 0 0 0.002209 0.002209 0.002209 0.002209 00.002209
0 0 0 0.002304 0.002304 0.002304 0.002304 00.002304
0 0 0 0.002401 0.002401 0.002401 0.002401 00.002401
0 0 0 0.0025 0.0025 0.0025 0.0025 00.0025
0 0 0 0.002601 0.002601 0.002601 0.002601 00.002601
0 0 0 0.002704 0.002704 0.002704 0.002704 00.002704
0 0 0 0.002809 0.002809 0.002809 0.002809 00.002809
0 0 0 0.002916 0.002916 0.002916 0.002916 00.002916
0 0 0 0.003025 0.003025 0.003025 0.003025 00.003025
0 0 0 0.003136 0.003136 0.003136 0.003136 00.003136
0 0 0 0.003249 0.003249 0.003249 0.003249 00.003249
0 0 0 0.003364 0.003364 0.003364 0.003364 00.003364
0 0 0 0.003481 0.003481 0.003481 0.003481 00.003481
0 0 0 0.0036 0.0036 0.0036 0.0036 00.0036
0 0 0 0.003721 0.003721 0.003721 0.003721 00.003721
0 0 0 0.003844 0.003844 0.003844 0.003844 00.003844
0 0 0 0.003969 0.003969 0.003969 0.003969 00.003969
0 0 0 0.004096 0.004096 0.004096 0.004096 00.004096
0 0 0 0.004225 0.004225 0.004225 0.004225 00.004225
0 0 0 0.004356 0.004356 0.004356 0.004356 00.004356
0 0 0 0.004489 0.004489 0.004489 0.004489 00.004489
0 0 0 0.004624 0.004624 0.004624 0.004624 00.004624
0 0 0 0.004761 0.004761 0.004761 0.004761 00.004761
0 0 0 0.0049 0.0049 0.0049 0.0049 00.0049
0 0 0 0.005041 0.005041 0.005041 0.005041 00.005041
0 0 0 0.005184 0.005184 0.005184 0.005184 00.005184
0 0 0 0.005329 0.005329 0.005329 0.005329 00.005329
0 0 0 0.005476 0.005476 0.005476 0.005476 00.005476
0 0 0 0.005625 0.005625 0.005625 0.005625 00.005625
0 0 0 0.005776 0.005776 0.005776 0.005776 00.005776
0 0 0 0.005929 0.005929 0.005929 0.005929 00.005929
0 0 0 0.006084 0.006084 0.006084 0.006084 00.006084
0 0 0 0.006241 0.006241 0.006241 0.006241 00.006241
0 0 0 0.0064 0.0064 0.0064 0.0064 00.0064
0 0 0 0.006561 0.006561 0.006561 0.006561 00.006561
0 0 0 0.006724 0.006724 0.006724 0.006724 00.006724
0 0 0 0.006889 0.006889 0.006889 0.006889 00.006889
0 0 0 0.007056 0.007056 0.007056 0.007056 00.007056
0 0 0 0.007225 0.007225 0.007225 0.007225 00.007225
0 0 0 0.007396 0.007396 0.007396 0.007396 00.007396
0 0 0 0.007569 0.007569 0.007569 0.007569 00.007569
0 0 0 0.007744 0.007744 0.007744 0.007744 00.007744
0 0 0 0.007921 0.007921 0.007921 0.007921 00.007921
0 0 0 0.0081 0.0081 0.0081 0.0081 00.0081
0 0 0 0.008281 0.008281 0.008281 0.008281 00.008281
0 0 0 0.008464 0.008464 0.008464 0.008464 00.008464
0 0 0 0.008649 0.008649 0.008649 0.008649 00.008649
0 0 0 0.008836 0.008836 0.008836 0.008836 00.008836
0 0 0 0.009025 0.009025 0.009025 0.009025 00.009025
0 0 0 0.009216 0.009216 0.009216 0.009216 00.009216
0 0 0 0.009409 0.009409 0.009409 0.009409 00.009409
0 0 0 0.009604 0.009604 0.009604 0.009604 00.009604
0 0 0 0.009801 0.009801 0.009801 0.009801 00.009801
0 0 0 0.01 0.01 0.01 0.01 00.01
0 0 0 0.010201 0.010201 0.010201 0.010201 00.010201
0 0 0 0.010404 0.010404 0.010404 0.010404 00.010404
0 0 0 0.010609 0.010609 0.010609 0.010609 00.010609
0 0 0 0.010816 0.010816 0.010816 0.010816 00.010816
0 0 0 0.011025 0.011025 0.011025 0.011025 00.011025
0 0 0 0.011236 0.011236 0.011236 0.011236 00.011236
0 0 0 0.011449 0.011449 0.011449 0.011449 00.011449
0 0 0 0.011664 0.011664 0.011664 0.011664 00.011664
0 0 0 0.011881 0.011881 0.011881 0.011881 00.011881
0 0 0 0.0121 0.0121 0.0121 0.0121 00.0121
0 0 0 0.012321 0.012321 0.012321 0.012321 00.012321
0 0 0 0.012544 0.012544 0.012544 0.012544 00.012544
0 0 0 0.012769 0.012769 0.012769 0.012769 00.012769
0 0 0 0.012996 0.012996 0.012996 0.012996 00.012996
0 0 0 0.013225 0.013225 0.013225 0.013225 00.013225
0 0 0 0.013456 0.013456 0.013456 0.013456 00.013456
0 0 0 0.013689 0.013689 0.013689 0.013689 00.013689
0 0 0 0.013924 0.013924 0.013924 0.013924 00.013924
0 0 0 0.014161 0.014161 0.014161 0.014161 00.014161
0 0 0 0.0144 0.0144 0.0144 0.0144 00.0144
0 0 0 0.014641 0.014641 0.014641 0.014641 00.014641
0 0 0 0.014884 0.014884 0.014884 0.014884 00.014884
0 0 0 0.015129 0.015129 0.015129 0.015129 00.015129
0 0 0 0.015376 0.015376 0.015376 0.015376 00.015376
0 0 0 0.015625 0.015625 0.015625 0.015625 00.015625
0 0 0 0.015876 0.015876 0.015876 0.015876 00.015876
0 0 0 0.016129 0.016129 0.016129 0.016129 00.016129
0 0 0 0.016384 0.016384 0.016384 0.016384 00.016384
0 0 0 0.016641 0.016641 0.016641 0.016641 00.016641
0 0 0 0.0169 0.0169 0.0169 0.0169 00.0169
0 0 0 0.017161 0.017161 0.017161 0.017161 00.017161
0 0 0 0.017424 0.017424 0.017424 0.017424 00.017424
0 0 0 0.017689 0.017689 0.017689 0.017689 00.017689
0 0 0 0.017956 0.017956 0.017956 0.017956 00.017956
0 0 0 0.018225 0.018225 0.018225 0.018225 00.018225
0 0 0 0.018496 0.018496 0.018496 0.018496 00.018496
0 0 0 0.018769 0.018769 0.018769 0.018769 00.018769
0 0 0 0.019044 0.019044 0.019044 0.019044 00.019044
0 0 0 0.019321 0.019321 0.019321 0.019321 00.019321
0 0 0 0.0196 0.0196 0.0196 0.0196 00.0196
0 0 0 0.019881 0.019881 0.019881 0.019881 00.019881
0 0 0 0.020164 0.020164 0.020164 0.020164 00.020164
0 0 0 0.020449 0.020449 0.020449 0.020449 00.020449
0 0 0 0.020736 0.020736 0.020736 0.020736 00.020736
0 0 0 0.021025 0.021025 0.021025 0.021025 00.021025
0 0 0 0.021316 0.021316 0.021316 0.021316 00.021316
0 0 0 0.021609 0.021609 0.021609 0.021609 00.021609
0 0 0 0.021904 0.021904 0.021904 0.021904 00.021904
0 0 0 0.022201 0.022201 0.022201 0.022201 00.022201
0 0 0 0.0225 0.0225 0.0225 0.0225 00.0225
0 0 0 0.022801 0.022801 0.022801 0.022801 00.022801
0 0 0 0.023104 0.023104 0.023104 0.023104 00.023104
0 0 0 0.023409 0.023409 0.023409 0.023409 00.023409
0 0 0 0.023716 0.023716 0.023716 0.023716 00.023716
0 0 0 0.024025 0.024025 0.024025 0.024025 00.024025
0 0 0 0.024336 0.024336 0.024336 0.024336 00.024336
0 0 0 0.024649 0.024649 0.024649 0.024649 00.024649
0 0 0 0.024964 0.024964 0.024964 0.024964 00.024964
0 0 0 0.025281 0.025281 0.025281 0.025281 00.025281
0 0 0 0.0256 0.0256 0.0256 0.0256 00.0256
0 0 0 0.025921 0.025921 0.025921 0.025921 00.025921
0 0 0 0.026244 0.026244 0.026244 0.026244 00.026244
0 0 0 0.026569 0.026569 0.026569 0.026569 00.026569
0 0 0 0.026896 0.026896 0.026896 0.026896 00.026896
0 0 0 0.027225 0.027225 0.027225 0.027225 00.027225
0 0 0 0.027556 0.027556 0.027556 0.027556 00.027556
0 0 0 0.027889 0.027889 0.027889 0.027889 00.027889
0 0 0 0.028224 0.028224 0.028224 0.028224 00.028224
0 0 0 0.028561 0.028561 0.028561 0.028561 00.028561
0 0 0 0.0289 0.0289 0.0289 0.0289 00.0289
0 0 0 0.029241 0.029241 0.029241 0.029241 00.029241
0 0 0 0.029584 0.029584 0.029584 0.029584 00.029584
0 0 0 0.029929 0.029929 0.029929 0.029929 00.029929
0 0 0 0.030276 0.030276 0.030276 0.030276 00.030276
0 0 0 0.030625 0.030625 0.030625 0.030625 00.030625
0 0 0 0.030976 0.030976 0.030976 0.030976 00.030976
0 0 0 0.031329 0.031329 0.031329 0.031329 00.031329
0 0 0 0.031684 0.031684 0.031684 0.031684 00.031684
0 0 0 0.032041 0.032041 0.032041 0.032041 00.032041
0 0 0 0.0324 0.0324 0.0324 0.0324 00.0324
0 0 0 0.032761 0.032761 0.032761 0.032761 00.032761
0 0 0 0.033124 0.033124 0.033124 0.033124 00.033124
0 0 0 0.033489 0.033489 0.033489 0.033489 00.033489
0 0 0 0.033856 0.033856 0.033856 0.033856 00.033856
0 0 0 0.034225 0.034225 0.034225 0.034225 00.034225
0 0 0 0.034596 0.034596 0.034596 0.034596 00.034596
0 0 0 0.034969 0.034969 0.034969 0.034969 00.034969
0 0 0 0.035344 0.035344 0.035344 0.035344 00.035344
0 0 0 0.035721 0.035721 0.035721 0.035721 00.035721
0 0 0 0.0361 0.0361 0.0361 0.0361 00.0361
0 0 0 0.036481 0.036481 0.036481 0.036481 00.036481
0 0 0 0.036864 0.036864 0.036864 0.036864 00.036864
0 0 0 0.037249 0.037249 0.037249 0.037249 00.037249
0 0 0 0.037636 0.037636 0.037636 0.037636 00.037636
0 0 0 0.038025 0.038025 0.038025 0.038025 00.038025
0 0 0 0.038416 0.038416 0.038416 0.038416 00.038416
0 0 0 0.038809 0.038809 0.038809 0.038809 00.038809
0 0 0 0.039204 0.039204 0.039204 0.039204 00.039204
0 0 0 0.039601 0.039601 0.039601 0.039601 00.039601
0 0 0 0.04 0.04 0.04 0.04 00.04
0 0 0 0.040401 0.040401 0.040401 0.040401 00.040401
0 0 0 0.040804 0.040804 0.040804 0.040804 00.040804
0 0 0 0.041209 0.041209 0.041209 0.041209 00.041209
0 0 0 0.041616 0.041616 0.041616 0.041616 00.041616
0 0 0 0.042025 0.042025 0.042025 0.042025 00.042025
0 0 0 0.042436 0.042436 0.042436 0.042436 00.042436
0 0 0 0.042849 0.042849 0.042849 0.042849 00.042849
0 0 0 0.043264 0.043264 0.043264 0.043264 00.043264
0 0 0 0.043681 0.043681 0.043681 0.043681 00.043681
0 0 0 0.0441 0.0441 0.0441 0.0441 00.0441
0 0 0 0.044521 0.044521 0.044521 0.044521 00.044521
0 0 0 0.044944 0.044944 0.044944 0.044944 00.044944
0 0 0 0.045369 0.045369 0.045369 0.045369 00.045369
0 0 0 0.045796 0.045796 0.045796 0.045796 00.045796
0 0 0 0.046225 0.046225 0.046225 0.046225 00.046225
0 0 0 0.046656 0.046656 0.046656 0.046656 00.046656
0 0 0 0.047089 0.047089 0.047089 0.047089 00.047089
0 0 0 0.047524 0.047524 0.047524 0.047524 00.047524
0 0 0 0.047961 0.047961 0.047961 0.047961 00.047961
0 0 0 0.0484 0.0484 0.0484 0.0484 00.0484
0 0 0 0.048841 0.048841 0.048841 0.048841 00.048841
0 0 0 0.049284 0.049284 0.049284 0.049284 00.049284
0 0 0 0.049729 0.049729 0.049729 0.049729 00.049729
0 0 0 0.050176 0.050176 0.050176 0.050176 00.050176
0 0 0 0.050625 0.050625 0.050625 0.050625 00.050625
0 0 0 0.051076 0.051076 0.051076 0.051076 00.051076
0 0 0 0.051529 0.051529 0.051529 0.051529 00.051529
0 0 0 0.051984 0.051984 0.051984 0.051984 00.051984
0 0 0 0.052441 0.052441 0.052441 0.052441 00.052441
0 0 0 0.0529 0.0529 0.0529 0.0529 00.0529
0 0 0 0.053361 0.053361 0.053361 0.053361 00.053361
0 0 0 0.053824 0.053824 0.053824 0.053824 00.053824
0 0 0 0.054289 0.054289 0.054289 0.054289 00.054289
0 0 0 0.054756 0.054756 0.054756 0.054756 00.054756
0 0 0 0.055225 0.055225 0.055225 0.055225 00.055225
0 0 0 0.055696 0.055696 0.055696 0.055696 00.055696
0 0 0 0.056169 0.056169 0.056169 0.056169 00.056169
0 0 0 0.056644 0.056644 0.056644 0.056644 00.056644
0 0 0 0.057121 0.057121 0.057121 0.057121 00.057121
0 0 0 0.0576 0.0576 0.0576 0.0576 00.0576
0 0 0 0.058081 0.058081 0.058081 0.058081 00.058081
0 0 0 0.058564 0.058564 0.058564 0.058564 00.058564
0 0 0 0.059049 0.059049 0.059049 0.059049 00.059049
0 0 0 0.059536 0.059536 0.059536 0.059536 00.059536
0 0 0 0.060025 0.060025 0.060025 0.060025 00.060025
0 0 0 0.060516 0.060516 0.060516 0.060516 00.060516
0 0 0 0.061009 0.061009 0.061009 0.061009 00.061009
0 0 0 0.061504 0.061504 0.061504 0.061504 00.061504
0 0 0 0.062001 0.062001 0.062001 0.062001 00.062001
0 0 0 0.0625 0.0625 0.0625 0.0625 00.0625
0 0 0 0.063001 0.063001 0.063001 0.063001 00.063001
0 0 0 0.063504 0.063504 0.063504 0.063504 00.063504
0 0 0 0.064009 0.064009 0.064009 0.064009 00.064009
0 0 0 0.064516 0.064516 0.064516 0.064516 00.064516
0 0 0 0.065025 0.065025 0.065025 0.065025 00.065025
0 0 0 0.065536 0.065536 0.065536 0.065536 00.065536
0 0 0 0.066049 0.066049 0.066049 0.066049 00.066049
0 0 0 0.066564 0.066564 0.066564 0.066564 00.066564
0 0 0 0.067081 0.067081 0.067081 0.067081 00.067081
0 0 0 0.0676 0.0676 0.0676 0.0676 00.0676
0 0 0 0.068121 0.068121 0.068121 0.068121 00.068121
0 0 0 0.068644 0.068644 0.068644 0.068644 00.068644
0 0 0 0.069169 0.069169 0.069169 0.069169 00.069169
0 0 0 0.069696 0.069696 0.069696 0.069696 00.069696
0 0 0 0.070225 0.070225 0.070225 0.070225 00.070225
0 0 0 0.070756 0.070756 0.070756 0.070756 00.070756
0 0 0 0.071289 0.071289 0.071289 0.071289 00.071289
0 0 0 0.071824 0.071824 0.071824 0.071824 00.071824
0 0 0 0.072361 0.072361 0.072361 0.072361 00.072361
0 0 0 0.0729 0.0729 0.0729 0.0729 00.0729
0 0 0 0.073441 0.073441 0.073441 0.073441 00.073441
0 0 0 0.073984 0.073984 0.073984 0.073984 00.073984
0 0 0 0.074529 0.074529 0.074529 0.074529 00.074529
0 0 0 0.075076 0.075076 0.075076 0.075076 00.075076
0 0 0 0.075625 0.075625 0.075625 0.075625 00.075625
0 0 0 0.076176 0.076176 0.076176 0.076176 00.076176
0 0 0 0.076729 0.076729 0.076729 0.076729 00.076729
0 0 0 0.077284 0.077284 0.077284 0.077284 00.077284
0 0 0 0.077841 0.077841 0.077841 0.077841 00.077841
0 0 0 0.0784 0.0784 0.0784 0.0784 00.0784
0 0 0 0.078961 0.078961 0.078961 0.078961 00.078961
0 0 0 0.079524 0.079524 0.079524 0.079524 00.079524
0 0 0 0.080089 0.080089 0.080089 0.080089 00.080089
0 0 0 0.080656 0.080656 0.080656 0.080656 00.080656
0 0 0 0.081225 0.081225 0.081225 0.081225 00.081225
0 0 0 0.081796 0.081796 0.081796 0.081796 00.081796
0 0 0 0.082369 0.082369 0.082369 0.082369 00.082369
0 0 0 0.082944 0.082944 0.082944 0.082944 00.082944
0 0 0 0.083521 0.083521 0.083521 0.083521 00.083521
0 0 0 0.0841 0.0841 0.0841 0.0841 00.0841
0 0 0 0.084681 0.084681 0.084681 0.084681 00.084681
0 0 0 0.085264 0.085264 0.085264 0.085264 00.085264
0 0 0 0.085849 0.085849 0.085849 0.085849 00.085849
0 0 0 0.086436 0.086436 0.086436 0.086436 00.086436
0 0 0 0.087025 0.087025 0.087025 0.087025 00.087025
0 0 0 0.087616 0.087616 0.087616 0.087616 00.087616
0 0 0 0.088209 0.088209 0.088209 0.088209 00.088209
0 0 0 0.088804 0.088804 0.088804 0.088804 00.088804
0 0 0 0.089401 0.089401 0.089401 0.089401 00.089401
0 0 0 0.09 0.09 0.09 0.09 00.09
0 0 0 0.090601 0.090601 0.090601 0.090601 00.090601
0 0 0 0.091204 0.091204 0.091204 0.091204 00.091204
0 0 0 0.091809 0.091809 0.091809 0.091809 00.091809
0 0 0 0.092416 0.092416 0.092416 0.092416 00.092416
0 0 0 0.093025 0.093025 0.093025 0.093025 00.093025
0 0 0 0.093636 0.093636 0.093636 0.093636 00.093636
0 0 0 0.094249 0.094249 0.094249 0.094249 00.094249
0 0 0 0.094864 0.094864 0.094864 0.094864 00.094864
0 0 0 0.095481 0.095481 0.095481 0.095481 00.095481
0 0 0 0.0961 0.0961 0.0961 0.0961 00.0961
0 0 0 0.096721 0.096721 0.096721 0.096721 00.096721
0 0 0 0.097344 0.097344 0.097344 0.097344 00.097344
0 0 0 0.097969 0.097969 0.097969 0.097969 00.097969
0 0 0 0.098596 0.098596 0.098596 0.098596 00.098596
0 0 0 0.099225 0.099225 0.099225 0.099225 00.099225
0 0 0 0.099856 0.099856 0.099856 0.099856 00.099856
0 0 0 0.100489 0.100489 0.100489 0.100489 00.100489
0 0 0 0.101124 0.101124 0.101124 0.101124 00.101124
0 0 0 0.101761 0.101761 0.101761 0.101761 00.101761
0 0 0 0.1024 0.1024 0.1024 0.1024 00.1024
0 0 0 0.103041 0.103041 0.103041 0.103041 00.103041
0 0 0 0.103684 0.103684 0.103684 0.103684 00.103684
0 0 0 0.104329 0.104329 0.104329 0.104329 00.104329
0 0 0 0.104976 0.104976 0.104976 0.104976 00.104976
0 0 0 0.105625 0.105625 0.105625 0.105625 00.105625
0 0 0 0.106276 0.106276 0.106276 0.106276 00.106276
0 0 0 0.106929 0.106929 0.106929 0.106929 00.106929
0 0 0 0.107584 0.107584 0.107584 0.107584 00.107584
0 0 0 0.108241 0.108241 0.108241 0.108241 00.108241
0 0 0 0.1089 0.1089 0.1089 0.1089 00.1089
0 0 0 0.109561 0.109561 0.109561 0.109561 00.109561
0 0 0 0.110224 0.110224 0.110224 0.110224 00.110224
0 0 0 0.110889 0.110889 0.110889 0.110889 00.110889
0 0 0 0.111556 0.111556 0.111556 0.111556 00.111556
0 0 0 0.112225 0.112225 0.112225 0.112225 00.112225
0 0 0 0.112896 0.112896 0.112896 0.112896 00.112896
0 0 0 0.113569 0.113569 0.113569 0.113569 00.113569
0 0 0 0.114244 0.114244 0.114244 0.114244 00.114244
0 0 0 0.114921 0.114921 0.114921 0.114921 00.114921
0 0 0 0.1156 0.1156 0.1156 0.1156 00.1156
0 0 0 0.116281 0.116281 0.116281 0.116281 00.116281
0 0 0 0.116964 0.116964 0.116964 0.116964 00.116964
0 0 0 0.117649 0.117649 0.117649 0.117649 00.117649
0 0 0 0.118336 0.118336 0.118336 0.118336 00.118336
0 0 0 0.119025 0.119025 0.119025 0.119025 00.119025
0 0 0 0.119716 0.119716 0.119716 0.119716 00.119716
0 0 0 0.120409 0.120409 0.120409 0.120409 00.120409
0 0 0 0.121104 0.121104 0.121104 0.121104 00.121104
0 0 0 0.121801 0.121801 0.121801 0.121801 00.121801
0 0 0 0.1225 0.1225 0.1225 0.1225 00.1225
0 0 0 0.123201 0.123201 0.123201 0.123201 00.123201
0 0 0 0.123904 0.123904 0.123904 0.123904 00.123904
0 0 0 0.124609 0.124609 0.124609 0.124609 00.124609
0 0 0 0.125316 0.125316 0.125316 0.125316 00.125316
0 0 0 0.126025 0.126025 0.126025 0.126025 00.126025
0 0 0 0.126736 0.126736 0.126736 0.126736 00.126736
0 0 0 0.127449 0.127449 0.127449 0.127449 00.127449
0 0 0 0.128164 0.128164 0.128164 0.128164 00.128164
0 0 0 0.128881 0.128881 0.128881 0.128881 00.128881
0 0 0 0.1296 0.1296 0.1296 0.1296 00.1296
0 0 0 0.130321 0.130321 0.130321 0.130321 00.130321
0 0 0 0.131044 0.131044 0.131044 0.131044 00.131044
0 0 0 0.131769 0.131769 0.131769 0.131769 00.131769
0 0 0 0.132496 0.132496 0.132496 0.132496 00.132496
0 0 0 0.133225 0.133225 0.133225 0.133225 00.133225
0 0 0 0.133956 0.133956 0.133956 0.133956 00.133956
0 0 0 0.134689 0.134689 0.134689 0.134689 00.134689
0 0 0 0.135424 0.135424 0.135424 0.135424 00.135424
0 0 0 0.136161 0.136161 0.136161 0.136161 00.136161
0 0 0 0.1369 0.1369 0.1369 0.1369 00.1369
0 0 0 0.137641 0.137641 0.137641 0.137641 00.137641
0 0 0 0.138384 0.138384 0.138384 0.138384 00.138384
0 0 0 0.139129 0.139129 0.139129 0.139129 00.139129
0 0 0 0.139876 0.139876 0.139876 0.139876 00.139876
0 0 0 0.140625 0.140625 0.140625 0.140625 00.140625
0 0 0 0.141376 0.141376 0.141376 0.141376 00.141376
0 0 0 0.142129 0.142129 0.142129 0.142129 00.142129
0 0 0 0.142884 0.142884 0.142884 0.142884 00.142884
0 0 0 0.143641 0.143641 0.143641 0.143641 00.143641
0 0 0 0.1444 0.1444 0.1444 0.1444 00.1444
0 0 0 0.145161 0.145161 0.145161 0.145161 00.145161
0 0 0 0.145924 0.145924 0.145924 0.145924 00.145924
0 0 0 0.146689 0.146689 0.146689 0.146689 00.146689
0 0 0 0.147456 0.147456 0.147456 0.147456 00.147456
0 0 0 0.148225 0.148225 0.148225 0.148225 00.148225
0 0 0 0.148996 0.148996 0.148996 0.148996 00.148996
0 0 0 0.149769 0.149769 0.149769 0.149769 00.149769
0 0 0 0.150544 0.150544 0.150544 0.150544 00.150544
0 0 0 0.151321 0.151321 0.151321 0.151321 00.151321
0 0 0 0.1521 0.1521 0.1521 0.1521 00.1521
0 0 0 0.152881 0.152881 0.152881 0.152881 00.152881
0 0 0 0.153664 0.153664 0.153664 0.153664 00.153664
0 0 0 0.154449 0.154449 0.154449 0.154449 00.154449
0 0 0 0.155236 0.155236 0.155236 0.155236 00.155236
0 0 0 0.156025 0.156025 0.156025 0.156025 00.156025
0 0 0 0.156816 0.156816 0.156816 0.156816 00.156816
0 0 0 0.157609 0.157609 0.157609 0.157609 00.157609
0 0 0 0.158404 0.158404 0.158404 0.158404 00.158404
0 0 0 0.159201 0.159201 0.159201 0.159201 00.159201
0 0 0 0.16 0.16 0.16 0.16 00.16
0 0 0 0.160801 0.160801 0.160801 0.160801 00.160801
0 0 0 0.161604 0.161604 0.161604 0.161604 00.161604
0 0 0 0.162409 0.162409 0.162409 0.162409 00.162409
0 0 0 0.163216 0.163216 0.163216 0.163216 00.163216
0 0 0 0.164025 0.164025 0.164025 0.164025 00.164025
0 0 0 0.164836 0.164836 0.164836 0.164836 00.164836
0 0 0 0.165649 0.165649 0.165649 0.165649 00.165649
0 0 0 0.166464 0.166464 0.166464 0.166464 00.166464
0 0 0 0.167281 0.167281 0.167281 0.167281 00.167281
0 0 0 0.1681 0.1681 0.1681 0.1681 00.1681
0 0 0 0.168921 0.168921 0.168921 0.168921 00.168921
0 0 0 0.169744 0.169744 0.169744 0.169744 00.169744
0 0 0 0.170569 0.170569 0.170569 0.170569 00.170569
0 0 0 0.171396 0.171396 0.171396 0.171396 00.171396
0 0 0 0.172225 0.172225 0.172225 0.172225 00.172225
0 0 0 0.173056 0.173056 0.173056 0.173056 00.173056
0 0 0 0.173889 0.173889 0.173889 0.173889 00.173889
0 0 0 0.174724 0.174724 0.174724 0.174724 00.174724
0 0 0 0.175561 0.175561 0.175561 0.175561 00.175561
0 0 0 0.1764 0.1764 0.1764 0.1764 00.1764
0 0 0 0.177241 0.177241 0.177241 0.177241 00.177241
0 0 0 0.178084 0.178084 0.178084 0.178084 00.178084
0 0 0 0.178929 0.178929 0.178929 0.178929 00.178929
0 0 0 0.179776 0.179776 0.179776 0.179776 00.179776
0 0 0 0.180625 0.180625 0.180625 0.180625 00.180625
0 0 0 0.181476 0.181476 0.181476 0.181476 00.181476
0 0 0 0.182329 0.182329 0.182329 0.182329 00.182329
0 0 0 0.183184 0.183184 0.183184 0.183184 00.183184
0 0 0 0.184041 0.184041 0.184041 0.184041 00.184041
0 0 0 0.1849 0.1849 0.1849 0.1849 00.1849
0 0 0 0.185761 0.185761 0.185761 0.185761 00.185761
0 0 0 0.186624 0.186624 0.186624 0.186624 00.186624
0 0 0 0.187489 0.187489 0.187489 0.187489 00.187489
0 0 0 0.188356 0.188356 0.188356 0.188356 00.188356
0 0 0 0.189225 0.189225 0.189225 0.189225 00.189225
0 0 0 0.190096 0.190096 0.190096 0.190096 00.190096
0 0 0 0.190969 0.190969 0.190969 0.190969 00.190969
0 0 0 0.191844 0.191844 0.191844 0.191844 00.191844
0 0 0 0.192721 0.192721 0.192721 0.192721 00.192721
0 0 0 0.1936 0.1936 0.1936 0.1936 00.1936
0 0 0 0.194481 0.194481 0.194481 0.194481 00.194481
0 0 0 0.195364 0.195364 0.195364 0.195364 00.195364
0 0 0 0.196249 0.196249 0.196249 0.196249 00.196249
0 0 0 0.197136 0.197136 0.197136 0.197136 00.197136
0 0 0 0.198025 0.198025 0.198025 0.198025 00.198025
0 0 0 0.198916 0.198916 0.198916 0.198916 00.198916
0 0 0 0.199809 0.199809 0.199809 0.199809 00.199809
0 0 0 0.200704 0.200704 0.200704 0.200704 00.200704
0 0 0 0.201601 0.201601 0.201601 0.201601 00.201601
0 0 0 0.2025 0.2025 0.2025 0.2025 00.2025
0 0 0 0.203401 0.203401 0.203401 0.203401 00.203401
0 0 0 0.204304 0.204304 0.204304 0.204304 00.204304
0 0 0 0.205209 0.205209 0.205209 0.205209 00.205209
0 0 0 0.206116 0.206116 0.206116 0.206116 00.206116
0 0 0 0.207025 0.207025 0.207025 0.207025 00.207025
0 0 0 0.207936 0.207936 0.207936 0.207936 00.207936
0 0 0 0.208849 0.208849 0.208849 0.208849 00.208849
0 0 0 0.209764 0.209764 0.209764 0.209764 00.209764
0 0 0 0.210681 0.210681 0.210681 0.210681 00.210681
0 0 0 0.2116 0.2116 0.2116 0.2116 00.2116
0 0 0 0.212521 0.212521 0.212521 0.212521 00.212521
0 0 0 0.213444 0.213444 0.213444 0.213444 00.213444
0 0 0 0.214369 0.214369 0.214369 0.214369 00.214369
0 0 0 0.215296 0.215296 0.215296 0.215296 00.215296
0 0 0 0.216225 0.216225 0.216225 0.216225 00.216225
0 0 0 0.217156 0.217156 0.217156 0.217156 00.217156
0 0 0 0.218089 0.218089 0.218089 0.218089 00.218089
0 0 0 0.219024 0.219024 0.219024 0.219024 00.219024
0 0 0 0.219961 0.219961 0.219961 0.219961 00.219961
0 0 0 0.2209 0.2209 0.2209 0.2209 00.2209
0 0 0 0.221841 0.221841 0.221841 0.221841 00.221841
0 0 0 0.222784 0.222784 0.222784 0.222784 00.222784
0 0 0 0.223729 0.223729 0.223729 0.223729 00.223729
0 0 0 0.224676 0.224676 0.224676 0.224676 00.224676
0 0 0 0.225625 0.225625 0.225625 0.225625 00.225625
0 0 0 0.226576 0.226576 0.226576 0.226576 00.226576
0 0 0 0.227529 0.227529 0.227529 0.227529 00.227529
0 0 0 0.228484 0.228484 0.228484 0.228484 00.228484
0 0 0 0.229441 0.229441 0.229441 0.229441 00.229441
0 0 0 0.2304 0.2304 0.2304 0.2304 00.2304
0 0 0 0.231361 0.231361 0.231361 0.231361 00.231361
0 0 0 0.232324 0.232324 0.232324 0.232324 00.232324
0 0 0 0.233289 0.233289 0.233289 0.233289 00.233289
0 0 0 0.234256 0.234256 0.234256 0.234256 00.234256
0 0 0 0.235225 0.235225 0.235225 0.235225 00.235225
0 0 0 0.236196 0.236196 0.236196 0.236196 00.236196
0 0 0 0.237169 0.237169 0.237169 0.237169 00.237169
0 0 0 0.238144 0.238144 0.238144 0.238144 00.238144
0 0 0 0.239121 0.239121 0.239121 0.239121 00.239121
0 0 0 0.2401 0.2401 0.2401 0.2401 00.2401
0 0 0 0.241081 0.241081 0.241081 0.241081 00.241081
0 0 0 0.242064 0.242064 0.242064 0.242064 00.242064
0 0 0 0.243049 0.243049 0.243049 0.243049 00.243049
0 0 0 0.244036 0.244036 0.244036 0.244036 00.244036
0 0 0 0.245025 0.245025 0.245025 0.245025 00.245025
0 0 0 0.246016 0.246016 0.246016 0.246016 00.246016
0 0 0 0.247009 0.247009 0.247009 0.247009 00.247009
0 0 0 0.248004 0.248004 0.248004 0.248004 00.248004
0 0 0 0.249001 0.249001 0.249001 0.249001 00.249001
0 0 0 0.25 0.25 0.25 0.25 00.25
0 0 0 0.251001 0.251001 0.251001 0.251001 00.251001
0 0 0 0.252004 0.252004 0.252004 0.252004 00.252004
0 0 0 0.253009 0.253009 0.253009 0.253009 00.253009
0 0 0 0.254016 0.254016 0.254016 0.254016 00.254016
0 0 0 0.255025 0.255025 0.255025 0.255025 00.255025
0 0 0 0.256036 0.256036 0.256036 0.256036 00.256036
0 0 0 0.257049 0.257049 0.257049 0.257049 00.257049
0 0 0 0.258064 0.258064 0.258064 0.258064 00.258064
0 0 0 0.259081 0.259081 0.259081 0.259081 00.259081
0 0 0 0.2601 0.2601 0.2601 0.2601 00.2601
0 0 0 0.261121 0.261121 0.261121 0.261121 00.261121
0 0 0 0.262144 0.262144 0.262144 0.262144 00.262144
0 0 0 0.263169 0.263169 0.263169 0.263169 00.263169
0 0 0 0.264196 0.264196 0.264196 0.264196 00.264196
0 0 0 0.265225 0.265225 0.265225 0.265225 00.265225
0 0 0 0.266256 0.266256 0.266256 0.266256 00.266256
0 0 0 0.267289 0.267289 0.267289 0.267289 00.267289
0 0 0 0.268324 0.268324 0.268324 0.268324 00.268324
0 0 0 0.269361 0.269361 0.269361 0.269361 00.269361
0 0 0 0.2704 0.2704 0.2704 0.2704 00.2704
0 0 0 0.271441 0.271441 0.271441 0.271441 00.271441
0 0 0 0.272484 0.272484 0.272484 0.272484 00.272484
0 0 0 0.273529 0.273529 0.273529 0.273529 00.273529
0 0 0 0.274576 0.274576 0.274576 0.274576 00.274576
0 0 0 0.275625 0.275625 0.275625 0.275625 00.275625
0 0 0 0.276676 0.276676 0.276676 0.276676 00.276676
0 0 0 0.277729 0.277729 0.277729 0.277729 00.277729
0 0 0 0.278784 0.278784 0.278784 0.278784 00.278784
0 0 0 0.279841 0.279841 0.279841 0.279841 00.279841
0 0 0 0.2809 0.2809 0.2809 0.2809 00.2809
0 0 0 0.281961 0.281961 0.281961 0.281961 00.281961
0 0 0 0.283024 0.283024 0.283024 0.283024 00.283024
0 0 0 0.284089 0.284089 0.284089 0.284089 00.284089
0 0 0 0.285156 0.285156 0.285156 0.285156 00.285156
0 0 0 0.286225 0.286225 0.286225 0.286225 00.286225
0 0 0 0.287296 0.287296 0.287296 0.287296 00.287296
0 0 0 0.288369 0.288369 0.288369 0.288369 00.288369
0 0 0 0.289444 0.289444 0.289444 0.289444 00.289444
0 0 0 0.290521 0.290521 0.290521 0.290521 00.290521
0 0 0 0.2916 0.2916 0.2916 0.2916 00.2916
0 0 0 0.292681 0.292681 0.292681 0.292681 00.292681
0 0 0 0.293764 0.293764 0.293764 0.293764 00.293764
0 0 0 0.294849 0.294849 0.294849 0.294849 00.294849
0 0 0 0.295936 0.295936 0.295936 0.295936 00.295936
0 0 0 0.297025 0.297025 0.297025 0.297025 00.297025
0 0 0 0.298116 0.298116 0.298116 0.298116 00.298116
0 0 0 0.299209 0.299209 0.299209 0.299209 00.299209
0 0 0 0.300304 0.300304 0.300304 0.300304 00.300304
0 0 0 0.301401 0.301401 0.301401 0.301401 00.301401
0 0 0 0.3025 0.3025 0.3025 0.3025 00.3025
0 0 0 0.303601 0.303601 0.303601 0.303601 00.303601
0 0 0 0.304704 0.304704 0.304704 0.304704 00.304704
0 0 0 0.305809 0.305809 0.305809 0.305809 00.305809
0 0 0 0.306916 0.306916 0.306916 0.306916 00.306916
0 0 0 0.308025 0.308025 0.308025 0.308025 00.308025
0 0 0 0.309136 0.309136 0.309136 0.309136 00.309136
0 0 0 0.310249 0.310249 0.310249 0.310249 00.310249
0 0 0 0.311364 0.311364 0.311364 0.311364 00.311364
0 0 0 0.312481 0.312481 0.312481 0.312481 00.312481
0 0 0 0.3136 0.3136 0.3136 0.3136 00.3136
0 0 0 0.314721 0.314721 0.314721 0.314721 00.314721
0 0 0 0.315844 0.315844 0.315844 0.315844 00.315844
0 0 0 0.316969 0.316969 0.316969 0.316969 00.316969
0 0 0 0.318096 0.318096 0.318096 0.318096 00.318096
0 0 0 0.319225 0.319225 0.319225 0.319225 00.319225
0 0 0 0.320356 0.320356 0.320356 0.320356 00.320356
0 0 0 0.321489 0.321489 0.321489 0.321489 00.321489
0 0 0 0.322624 0.322624 0.322624 0.322624 00.322624
0 0 0 0.323761 0.323761 0.323761 0.323761 00.323761
0 0 0 0.3249 0.3249 0.3249 0.3249 00.3249
0 0 0 0.326041 0.326041 0.326041 0.326041 00.326041
0 0 0 0.327184 0.327184 0.327184 0.327184 00.327184
0 0 0 0.328329 0.328329 0.328329 0.328329 00.328329
0 0 0 0.329476 0.329476 0.329476 0.329476 00.329476
0 0 0 0.330625 0.330625 0.330625 0.330625 00.330625
0 0 0 0.331776 0.331776 0.331776 0.331776 00.331776
0 0 0 0.332929 0.332929 0.332929 0.332929 00.332929
0 0 0 0.334084 0.334084 0.334084 0.334084 00.334084
0 0 0 0.335241 0.335241 0.335241 0.335241 00.335241
0 0 0 0.3364 0.3364 0.3364 0.3364 00.3364
0 0 0 0.337561 0.337561 0.337561 0.337561 00.337561
0 0 0 0.338724 0.338724 0.338724 0.338724 00.338724
0 0 0 0.339889 0.339889 0.339889 0.339889 00.339889
0 0 0 0.341056 0.341056 0.341056 0.341056 00.341056
0 0 0 0.342225 0.342225 0.342225 0.342225 00.342225
0 0 0 0.343396 0.343396 0.343396 0.343396 00.343396
0 0 0 0.344569 0.344569 0.344569 0.344569 00.344569
0 0 0 0.345744 0.345744 0.345744 0.345744 00.345744
0 0 0 0.346921 0.346921 0.346921 0.346921 00.346921
0 0 0 0.3481 0.3481 0.3481 0.3481 00.3481
0 0 0 0.349281 0.349281 0.349281 0.349281 00.349281
0 0 0 0.350464 0.350464 0.350464 0.350464 00.350464
0 0 0 0.351649 0.351649 0.351649 0.351649 00.351649
0 0 0 0.352836 0.352836 0.352836 0.352836 00.352836
0 0 0 0.354025 0.354025 0.354025 0.354025 00.354025
0 0 0 0.355216 0.355216 0.355216 0.355216 00.355216
0 0 0 0.356409 0.356409 0.356409 0.356409 00.356409
0 0 0 0.357604 0.357604 0.357604 0.357604 00.357604
0 0 0 0.358801 0.358801 0.358801 0.358801 00.358801
0 0 0 0.36 0.36 0.36 0.36 00.36
0 0 0 0.361201 0.361201 0.361201 0.361201 00.361201
0 0 0 0.362404 0.362404 0.362404 0.362404 00.362404
0 0 0 0.363609 0.363609 0.363609 0.363609 00.363609
0 0 0 0.364816 0.364816 0.364816 0.364816 00.364816
0 0 0 0.366025 0.366025 0.366025 0.366025 00.366025
0 0 0 0.367236 0.367236 0.367236 0.367236 00.367236
0 0 0 0.368449 0.368449 0.368449 0.368449 00.368449
0 0 0 0.369664 0.369664 0.369664 0.369664 00.369664
0 0 0 0.370881 0.370881 0.370881 0.370881 00.370881
0 0 0 0.3721 0.3721 0.3721 0.3721 00.3721
0 0 0 0.373321 0.373321 0.373321 0.373321 00.373321
0 0 0 0.374544 0.374544 0.374544 0.374544 00.374544
0 0 0 0.375769 0.375769 0.375769 0.375769 00.375769
0 0 0 0.376996 0.376996 0.376996 0.376996 00.376996
0 0 0 0.378225 0.378225 0.378225 0.378225 00.378225
0 0 0 0.379456 0.379456 0.379456 0.379456 00.379456
0 0 0 0.380689 0.380689 0.380689 0.380689 00.380689
0 0 0 0.381924 0.381924 0.381924 0.381924 00.381924
0 0 0 0.383161 0.383161 0.383161 0.383161 00.383161
0 0 0 0.3844 0.3844 0.3844 0.3844 00.3844
0 0 0 0.385641 0.385641 0.385641 0.385641 00.385641
0 0 0 0.386884 0.386884 0.386884 0.386884 00.386884
0 0 0 0.388129 0.388129 0.388129 0.388129 00.388129
0 0 0 0.389376 0.389376 0.389376 0.389376 00.389376
0 0 0 0.390625 0.390625 0.390625 0.390625 00.390625
0 0 0 0.391876 0.391876 0.391876 0.391876 00.391876
0 0 0 0.393129 0.393129 0.393129 0.393129 00.393129
0 0 0 0.394384 0.394384 0.394384 0.394384 00.394384
0 0 0 0.395641 0.395641 0.395641 0.395641 00.395641
0 0 0 0.3969 0.3969 0.3969 0.3969 00.3969
0 0 0 0.398161 0.398161 0.398161 0.398161 00.398161
0 0 0 0.399424 0.399424 0.399424 0.399424 00.399424
0 0 0 0.400689 0.400689 0.400689 0.400689 00.400689
0 0 0 0.401956 0.401956 0.401956 0.401956 00.401956
0 0 0 0.403225 0.403225 0.403225 0.403225 00.403225
0 0 0 0.404496 0.404496 0.404496 0.404496 00.404496
0 0 0 0.405769 0.405769 0.405769 0.405769 00.405769
0 0 0 0.407044 0.407044 0.407044 0.407044 00.407044
0 0 0 0.408321 0.408321 0.408321 0.408321 00.408321
0 0 0 0.4096 0.4096 0.4096 0.4096 00.4096
0 0 0 0.410881 0.410881 0.410881 0.410881 00.410881
0 0 0 0.412164 0.412164 0.412164 0.412164 00.412164
0 0 0 0.413449 0.413449 0.413449 0.413449 00.413449
0 0 0 0.414736 0.414736 0.414736 0.414736 00.414736
0 0 0 0.416025 0.416025 0.416025 0.416025 00.416025
0 0 0 0.417316 0.417316 0.417316 0.417316 00.417316
0 0 0 0.418609 0.418609 0.418609 0.418609 00.418609
0 0 0 0.419904 0.419904 0.419904 0.419904 00.419904
0 0 0 0.421201 0.421201 0.421201 0.421201 00.421201
0 0 0 0.4225 0.4225 0.4225 0.4225 00.4225
0 0 0 0.423801 0.423801 0.423801 0.423801 00.423801
0 0 0 0.425104 0.425104 0.425104 0.425104 00.425104
0 0 0 0.426409 0.426409 0.426409 0.426409 00.426409
0 0 0 0.427716 0.427716 0.427716 0.427716 00.427716
0 0 0 0.429025 0.429025 0.429025 0.429025 00.429025
0 0 0 0.430336 0.430336 0.430336 0.430336 00.430336
0 0 0 0.431649 0.431649 0.431649 0.431649 00.431649
0 0 0 0.432964 0.432964 0.432964 0.432964 00.432964
0 0 0 0.434281 0.434281 0.434281 0.434281 00.434281
0 0 0 0.4356 0.4356 0.4356 0.4356 00.4356
0 0 0 0.436921 0.436921 0.436921 0.436921 00.436921
0 0 0 0.438244 0.438244 0.438244 0.438244 00.438244
0 0 0 0.439569 0.439569 0.439569 0.439569 00.439569
0 0 0 0.440896 0.440896 0.440896 0.440896 00.440896
0 0 0 0.442225 0.442225 0.442225 0.442225 00.442225
0 0 0 0.443556 0.443556 0.443556 0.443556 00.443556
0 0 0 0.444889 0.444889 0.444889 0.444889 00.444889
0 0 0 0.446224 0.446224 0.446224 0.446224 00.446224
0 0 0 0.447561 0.447561 0.447561 0.447561 00.447561
0 0 0 0.4489 0.4489 0.4489 0.4489 00.4489
0 0 0 0.450241 0.450241 0.450241 0.450241 00.450241
0 0 0 0.451584 0.451584 0.451584 0.451584 00.451584
0 0 0 0.452929 0.452929 0.452929 0.452929 00.452929
0 0 0 0.454276 0.454276 0.454276 0.454276 00.454276
0 0 0 0.455625 0.455625 0.455625 0.455625 00.455625
0 0 0 0.456976 0.456976 0.456976 0.456976 00.456976
0 0 0 0.458329 0.458329 0.458329 0.458329 00.458329
0 0 0 0.459684 0.459684 0.459684 0.459684 00.459684
0 0 0 0.461041 0.461041 0.461041 0.461041 00.461041
0 0 0 0.4624 0.4624 0.4624 0.4624 00.4624
0 0 0 0.463761 0.463761 0.463761 0.463761 00.463761
0 0 0 0.465124 0.465124 0.465124 0.465124 00.465124
0 0 0 0.466489 0.466489 0.466489 0.466489 00.466489
0 0 0 0.467856 0.467856 0.467856 0.467856 00.467856
0 0 0 0.469225 0.469225 0.469225 0.469225 00.469225
0 0 0 0.470596 0.470596 0.470596 0.470596 00.470596
0 0 0 0.471969 0.471969 0.471969 0.471969 00.471969
0 0 0 0.473344 0.473344 0.473344 0.473344 00.473344
0 0 0 0.474721 0.474721 0.474721 0.474721 00.474721
0 0 0 0.4761 0.4761 0.4761 0.4761 00.4761
0 0 0 0.477481 0.477481 0.477481 0.477481 00.477481
0 0 0 0.478864 0.478864 0.478864 0.478864 00.478864
0 0 0 0.480249 0.480249 0.480249 0.480249 00.480249
0 0 0 0.481636 0.481636 0.481636 0.481636 00.481636
0 0 0 0.483025 0.483025 0.483025 0.483025 00.483025
0 0 0 0.484416 0.484416 0.484416 0.484416 00.484416
0 0 0 0.485809 0.485809 0.485809 0.485809 00.485809
0 0 0 0.487204 0.487204 0.487204 0.487204 00.487204
0 0 0 0.488601 0.488601 0.488601 0.488601 00.488601
0 0 0 0.49 0.49 0.49 0.49 00.49
0 0 0 0.491401 0.491401 0.491401 0.491401 00.491401
0 0 0 0.492804 0.492804 0.492804 0.492804 00.492804
0 0 0 0.494209 0.494209 0.494209 0.494209 00.494209
0 0 0 0.495616 0.495616 0.495616 0.495616 00.495616
0 0 0 0.497025 0.497025 0.497025 0.497025 00.497025
0 0 0 0.498436 0.498436 0.498436 0.498436 00.498436
0 0 0 0.499849 0.499849 0.499849 0.499849 00.499849
0 0 0 0.501264 0.501264 0.501264 0.501264 00.501264
0 0 0 0.502681 0.502681 0.502681 0.502681 00.502681
0 0 0 0.5041 0.5041 0.5041 0.5041 00.5041
0 0 0 0.505521 0.505521 0.505521 0.505521 00.505521
0 0 0 0.506944 0.506944 0.506944 0.506944 00.506944
0 0 0 0.508369 0.508369 0.508369 0.508369 00.508369
0 0 0 0.509796 0.509796 0.509796 0.509796 00.509796
0 0 0 0.511225 0.511225 0.511225 0.511225 00.511225
0 0 0 0.512656 0.512656 0.512656 0.512656 00.512656
0 0 0 0.514089 0.514089 0.514089 0.514089 00.514089
0 0 0 0.515524 0.515524 0.515524 0.515524 00.515524
0 0 0 0.516961 0.516961 0.516961 0.516961 00.516961
0 0 0 0.5184 0.5184 0.5184 0.5184 00.5184
0 0 0 0.519841 0.519841 0.519841 0.519841 00.519841
0 0 0 0.521284 0.521284 0.521284 0.521284 00.521284
0 0 0 0.522729 0.522729 0.522729 0.522729 00.522729
0 0 0 0.524176 0.524176 0.524176 0.524176 00.524176
0 0 0 0.525625 0.525625 0.525625 0.525625 00.525625
0 0 0 0.527076 0.527076 0.527076 0.527076 00.527076
0 0 0 0.528529 0.528529 0.528529 0.528529 00.528529
0 0 0 0.529984 0.529984 0.529984 0.529984 00.529984
0 0 0 0.531441 0.531441 0.531441 0.531441 00.531441
0 0 0 0.5329 0.5329 0.5329 0.5329 00.5329
0 0 0 0.534361 0.534361 0.534361 0.534361 00.534361
0 0 0 0.535824 0.535824 0.535824 0.535824 00.535824
0 0 0 0.537289 0.537289 0.537289 0.537289 00.537289
0 0 0 0.538756 0.538756 0.538756 0.538756 00.538756
0 0 0 0.540225 0.540225 0.540225 0.540225 00.540225
0 0 0 0.541696 0.541696 0.541696 0.541696 00.541696
0 0 0 0.543169 0.543169 0.543169 0.543169 00.543169
0 0 0 0.544644 0.544644 0.544644 0.544644 00.544644
0 0 0 0.546121 0.546121 0.546121 0.546121 00.546121
0 0 0 0.5476 0.5476 0.5476 0.5476 00.5476
0 0 0 0.549081 0.549081 0.549081 0.549081 00.549081
0 0 0 0.550564 0.550564 0.550564 0.550564 00.550564
0 0 0 0.552049 0.552049 0.552049 0.552049 00.552049
0 0 0 0.553536 0.553536 0.553536 0.553536 00.553536
0 0 0 0.555025 0.555025 0.555025 0.555025 00.555025
0 0 0 0.556516 0.556516 0.556516 0.556516 00.556516
0 0 0 0.558009 0.558009 0.558009 0.558009 00.558009
0 0 0 0.559504 0.559504 0.559504 0.559504 00.559504
0 0 0 0.561001 0.561001 0.561001 0.561001 00.561001
0 0 0 0.5625 0.5625 0.5625 0.5625 00.5625
0 0 0 0.564001 0.564001 0.564001 0.564001 00.564001
0 0 0 0.565504 0.565504 0.565504 0.565504 00.565504
0 0 0 0.567009 0.567009 0.567009 0.567009 00.567009
0 0 0 0.568516 0.568516 0.568516 0.568516 00.568516
0 0 0 0.570025 0.570025 0.570025 0.570025 00.570025
0 0 0 0.571536 0.571536 0.571536 0.571536 00.571536
0 0 0 0.573049 0.573049 0.573049 0.573049 00.573049
0 0 0 0.574564 0.574564 0.574564 0.574564 00.574564
0 0 0 0.576081 0.576081 0.576081 0.576081 00.576081
0 0 0 0.5776 0.5776 0.5776 0.5776 00.5776
0 0 0 0.579121 0.579121 0.579121 0.579121 00.579121
0 0 0 0.580644 0.580644 0.580644 0.580644 00.580644
0 0 0 0.582169 0.582169 0.582169 0.582169 00.582169
0 0 0 0.583696 0.583696 0.583696 0.583696 00.583696
0 0 0 0.585225 0.585225 0.585225 0.585225 00.585225
0 0 0 0.586756 0.586756 0.586756 0.586756 00.586756
0 0 0 0.588289 0.588289 0.588289 0.588289 00.588289
0 0 0 0.589824 0.589824 0.589824 0.589824 00.589824
0 0 0 0.591361 0.591361 0.591361 0.591361 00.591361
0 0 0 0.5929 0.5929 0.5929 0.5929 00.5929
0 0 0 0.594441 0.594441 0.594441 0.594441 00.594441
0 0 0 0.595984 0.595984 0.595984 0.595984 00.595984
0 0 0 0.597529 0.597529 0.597529 0.597529 00.597529
0 0 0 0.599076 0.599076 0.599076 0.599076 00.599076
0 0 0 0.600625 0.600625 0.600625 0.600625 00.600625
0 0 0 0.602176 0.602176 0.602176 0.602176 00.602176
0 0 0 0.603729 0.603729 0.603729 0.603729 00.603729
0 0 0 0.605284 0.605284 0.605284 0.605284 00.605284
0 0 0 0.606841 0.606841 0.606841 0.606841 00.606841
0 0 0 0.6084 0.6084 0.6084 0.6084 00.6084
0 0 0 0.609961 0.609961 0.609961 0.609961 00.609961
0 0 0 0.611524 0.611524 0.611524 0.611524 00.611524
0 0 0 0.613089 0.613089 0.613089 0.613089 00.613089
0 0 0 0.614656 0.614656 0.614656 0.614656 00.614656
0 0 0 0.616225 0.616225 0.616225 0.616225 00.616225
0 0 0 0.617796 0.617796 0.617796 0.617796 00.617796
0 0 0 0.619369 0.619369 0.619369 0.619369 00.619369
0 0 0 0.620944 0.620944 0.620944 0.620944 00.620944
0 0 0 0.622521 0.622521 0.622521 0.622521 00.622521
0 0 0 0.6241 0.6241 0.6241 0.6241 00.6241
0 0 0 0.625681 0.625681 0.625681 0.625681 00.625681
0 0 0 0.627264 0.627264 0.627264 0.627264 00.627264
0 0 0 0.628849 0.628849 0.628849 0.628849 00.628849
0 0 0 0.630436 0.630436 0.630436 0.630436 00.630436
0 0 0 0.632025 0.632025 0.632025 0.632025 00.632025
0 0 0 0.633616 0.633616 0.633616 0.633616 00.633616
0 0 0 0.635209 0.635209 0.635209 0.635209 00.635209
0 0 0 0.636804 0.636804 0.636804 0.636804 00.636804
0 0 0 0.638401 0.638401 0.638401 0.638401 00.638401
0 0 0 0.64 0.64 0.64 0.64 00.64
0 0 0 0.641601 0.641601 0.641601 0.641601 00.641601
0 0 0 0.643204 0.643204 0.643204 0.643204 00.643204
0 0 0 0.644809 0.644809 0.644809 0.644809 00.644809
0 0 0 0.646416 0.646416 0.646416 0.646416 00.646416
0 0 0 0.648025 0.648025 0.648025 0.648025 00.648025
0 0 0 0.649636 0.649636 0.649636 0.649636 00.649636
0 0 0 0.651249 0.651249 0.651249 0.651249 00.651249
0 0 0 0.652864 0.652864 0.652864 0.652864 00.652864
0 0 0 0.654481 0.654481 0.654481 0.654481 00.654481
0 0 0 0.6561 0.6561 0.6561 0.6561 00.6561
0 0 0 0.657721 0.657721 0.657721 0.657721 00.657721
0 0 0 0.659344 0.659344 0.659344 0.659344 00.659344
0 0 0 0.660969 0.660969 0.660969 0.660969 00.660969
0 0 0 0.662596 0.662596 0.662596 0.662596 00.662596
0 0 0 0.664225 0.664225 0.664225 0.664225 00.664225
0 0 0 0.665856 0.665856 0.665856 0.665856 00.665856
0 0 0 0.667489 0.667489 0.667489 0.667489 00.667489
0 0 0 0.669124 0.669124 0.669124 0.669124 00.669124
0 0 0 0.670761 0.670761 0.670761 0.670761 00.670761
0 0 0 0.6724 0.6724 0.6724 0.6724 00.6724
0 0 0 0.674041 0.674041 0.674041 0.674041 00.674041
0 0 0 0.675684 0.675684 0.675684 0.675684 00.675684
0 0 0 0.677329 0.677329 0.677329 0.677329 00.677329
0 0 0 0.678976 0.678976 0.678976 0.678976 00.678976
0 0 0 0.680625 0.680625 0.680625 0.680625 00.680625
0 0 0 0.682276 0.682276 0.682276 0.682276 00.682276
0 0 0 0.683929 0.683929 0.683929 0.683929 00.683929
0 0 0 0.685584 0.685584 0.685584 0.685584 00.685584
0 0 0 0.687241 0.687241 0.687241 0.687241 00.687241
0 0 0 0.6889 0.6889 0.6889 0.6889 00.6889
0 0 0 0.690561 0.690561 0.690561 0.690561 00.690561
0 0 0 0.692224 0.692224 0.692224 0.692224 00.692224
0 0 0 0.693889 0.693889 0.693889 0.693889 00.693889
0 0 0 0.695556 0.695556 0.695556 0.695556 00.695556
0 0 0 0.697225 0.697225 0.697225 0.697225 00.697225
0 0 0 0.698896 0.698896 0.698896 0.698896 00.698896
0 0 0 0.700569 0.700569 0.700569 0.700569 00.700569
0 0 0 0.702244 0.702244 0.702244 0.702244 00.702244
0 0 0 0.703921 0.703921 0.703921 0.703921 00.703921
0 0 0 0.7056 0.7056 0.7056 0.7056 00.7056
0 0 0 0.707281 0.707281 0.707281 0.707281 00.707281
0 0 0 0.708964 0.708964 0.708964 0.708964 00.708964
0 0 0 0.710649 0.710649 0.710649 0.710649 00.710649
0 0 0 0.712336 0.712336 0.712336 0.712336 00.712336
0 0 0 0.714025 0.714025 0.714025 0.714025 00.714025
0 0 0 0.715716 0.715716 0.715716 0.715716 00.715716
0 0 0 0.717409 0.717409 0.717409 0.717409 00.717409
0 0 0 0.719104 0.719104 0.719104 0.719104 00.719104
0 0 0 0.720801 0.720801 0.720801 0.720801 00.720801
0 0 0 0.7225 0.7225 0.7225 0.7225 00.7225
0 0 0 0.724201 0.724201 0.724201 0.724201 00.724201
0 0 0 0.725904 0.725904 0.725904 0.725904 00.725904
0 0 0 0.727609 0.727609 0.727609 0.727609 00.727609
0 0 0 0.729316 0.729316 0.729316 0.729316 00.729316
0 0 0 0.731025 0.731025 0.731025 0.731025 00.731025
0 0 0 0.732736 0.732736 0.732736 0.732736 00.732736
0 0 0 0.734449 0.734449 0.734449 0.734449 00.734449
0 0 0 0.736164 0.736164 0.736164 0.736164 00.736164
0 0 0 0.737881 0.737881 0.737881 0.737881 00.737881
0 0 0 0.7396 0.7396 0.7396 0.7396 00.7396
0 0 0 0.741321 0.741321 0.741321 0.741321 00.741321
0 0 0 0.743044 0.743044 0.743044 0.743044 00.743044
0 0 0 0.744769 0.744769 0.744769 0.744769 00.744769
0 0 0 0.746496 0.746496 0.746496 0.746496 00.746496
0 0 0 0.748225 0.748225 0.748225 0.748225 00.748225
0 0 0 0.749956 0.749956 0.749956 0.749956 00.749956
0 0 0 0.751689 0.751689 0.751689 0.751689 00.751689
0 0 0 0.753424 0.753424 0.753424 0.753424 00.753424
0 0 0 0.755161 0.755161 0.755161 0.755161 00.755161
0 0 0 0.7569 0.7569 0.7569 0.7569 00.7569
0 0 0 0.758641 0.758641 0.758641 0.758641 00.758641
0 0 0 0.760384 0.760384 0.760384 0.760384 00.760384
0 0 0 0.762129 0.762129 0.762129 0.762129 00.762129
0 0 0 0.763876 0.763876 0.763876 0.763876 00.763876
0 0 0 0.765625 0.765625 0.765625 0.765625 00.765625
0 0 0 0.767376 0.767376 0.767376 0.767376 00.767376
0 0 0 0.769129 0.769129 0.769129 0.769129 00.769129
0 0 0 0.770884 0.770884 0.770884 0.770884 00.770884
0 0 0 0.772641 0.772641 0.772641 0.772641 00.772641
0 0 0 0.7744 0.7744 0.7744 0.7744 00.7744
0 0 0 0.776161 0.776161 0.776161 0.776161 00.776161
0 0 0 0.777924 0.777924 0.777924 0.777924 00.777924
0 0 0 0.779689 0.779689 0.779689 0.779689 00.779689
0 0 0 0.781456 0.781456 0.781456 0.781456 00.781456
0 0 0 0.783225 0.783225 0.783225 0.783225 00.783225
0 0 0 0.784996 0.784996 0.784996 0.784996 00.784996
0 0 0 0.786769 0.786769 0.786769 0.786769 00.786769
0 0 0 0.788544 0.788544 0.788544 0.788544 00.788544
0 0 0 0.790321 0.790321 0.790321 0.790321 00.790321
0 0 0 0.7921 0.7921 0.7921 0.7921 00.7921
0 0 0 0.793881 0.793881 0.793881 0.793881 00.793881
0 0 0 0.795664 0.795664 0.795664 0.795664 00.795664
0 0 0 0.797449 0.797449 0.797449 0.797449 00.797449
0 0 0 0.799236 0.799236 0.799236 0.799236 00.799236
0 0 0 0.801025 0.801025 0.801025 0.801025 00.801025
0 0 0 0.802816 0.802816 0.802816 0.802816 00.802816
0 0 0 0.804609 0.804609 0.804609 0.804609 00.804609
0 0 0 0.806404 0.806404 0.806404 0.806404 00.806404
0 0 0 0.808201 0.808201 0.808201 0.808201 00.808201
0 0 0 0.81 0.81 0.81 0.81 00.81
0 0 0 0.811801 0.811801 0.811801 0.811801 00.811801
0 0 0 0.813604 0.813604 0.813604 0.813604 00.813604
0 0 0 0.815409 0.815409 0.815409 0.815409 00.815409
0 0 0 0.817216 0.817216 0.817216 0.817216 00.817216
0 0 0 0.819025 0.819025 0.819025 0.819025 00.819025
0 0 0 0.820836 0.820836 0.820836 0.820836 00.820836
0 0 0 0.822649 0.822649 0.822649 0.822649 00.822649
0 0 0 0.824464 0.824464 0.824464 0.824464 00.824464
0 0 0 0.826281 0.826281 0.826281 0.826281 00.826281
0 0 0 0.8281 0.8281 0.8281 0.8281 00.8281
0 0 0 0.829921 0.829921 0.829921 0.829921 00.829921
0 0 0 0.831744 0.831744 0.831744 0.831744 00.831744
0 0 0 0.833569 0.833569 0.833569 0.833569 00.833569
0 0 0 0.835396 0.835396 0.835396 0.835396 00.835396
0 0 0 0.837225 0.837225 0.837225 0.837225 00.837225
0 0 0 0.839056 0.839056 0.839056 0.839056 00.839056
0 0 0 0.840889 0.840889 0.840889 0.840889 00.840889
0 0 0 0.842724 0.842724 0.842724 0.842724 00.842724
0 0 0 0.844561 0.844561 0.844561 0.844561 00.844561
0 0 0 0.8464 0.8464 0.8464 0.8464 00.8464
0 0 0 0.848241 0.848241 0.848241 0.848241 00.848241
0 0 0 0.850084 0.850084 0.850084 0.850084 00.850084
0 0 0 0.851929 0.851929 0.851929 0.851929 00.851929
0 0 0 0.853776 0.853776 0.853776 0.853776 00.853776
0 0 0 0.855625 0.855625 0.855625 0.855625 00.855625
0 0 0 0.857476 0.857476 0.857476 0.857476 00.857476
0 0 0 0.859329 0.859329 0.859329 0.859329 00.859329
0 0 0 0.861184 0.861184 0.861184 0.861184 00.861184
0 0 0 0.863041 0.863041 0.863041 0.863041 00.863041
0 0 0 0.8649 0.8649 0.8649 0.8649 00.8649
0 0 0 0.866761 0.866761 0.866761 0.866761 00.866761
0 0 0 0.868624 0.868624 0.868624 0.868624 00.868624
0 0 0 0.870489 0.870489 0.870489 0.870489 00.870489
0 0 0 0.872356 0.872356 0.872356 0.872356 00.872356
0 0 0 0.874225 0.874225 0.874225 0.874225 00.874225
0 0 0 0.876096 0.876096 0.876096 0.876096 00.876096
0 0 0 0.877969 0.877969 0.877969 0.877969 00.877969
0 0 0 0.879844 0.879844 0.879844 0.879844 00.879844
0 0 0 0.881721 0.881721 0.881721 0.881721 00.881721
0 0 0 0.8836 0.8836 0.8836 0.8836 00.8836
0 0 0 0.885481 0.885481 0.885481 0.885481 00.885481
0 0 0 0.887364 0.887364 0.887364 0.887364 00.887364
0 0 0 0.889249 0.889249 0.889249 0.889249 00.889249
0 0 0 0.891136 0.891136 0.891136 0.891136 00.891136
0 0 0 0.893025 0.893025 0.893025 0.893025 00.893025
0 0 0 0.894916 0.894916 0.894916 0.894916 00.894916
0 0 0 0.896809 0.896809 0.896809 0.896809 00.896809
0 0 0 0.898704 0.898704 0.898704 0.898704 00.898704
0 0 0 0.900601 0.900601 0.900601 0.900601 00.900601
0 0 0 0.9025 0.9025 0.9025 0.9025 00.9025
0 0 0 0.904401 0.904401 0.904401 0.904401 00.904401
0 0 0 0.906304 0.906304 0.906304 0.906304 00.906304
0 0 0 0.908209 0.908209 0.908209 0.908209 00.908209
0 0 0 0.910116 0.910116 0.910116 0.910116 00.910116
0 0 0 0.912025 0.912025 0.912025 0.912025 00.912025
0 0 0 0.913936 0.913936 0.913936 0.913936 00.913936
0 0 0 0.915849 0.915849 0.915849 0.915849 00.915849
0 0 0 0.917764 0.917764 0.917764 0.917764 00.917764
0 0 0 0.919681 0.919681 0.919681 0.919681 00.919681
0 0 0 0.9216 0.9216 0.9216 0.9216 00.9216
0 0 0 0.923521 0.923521 0.923521 0.923521 00.923521
0 0 0 0.925444 0.925444 0.925444 0.925444 00.925444
0 0 0 0.927369 0.927369 0.927369 0.927369 00.927369
0 0 0 0.929296 0.929296 0.929296 0.929296 00.929296
0 0 0 0.931225 0.931225 0.931225 0.931225 00.931225
0 0 0 0.933156 0.933156 0.933156 0.933156 00.933156
0 0 0 0.935089 0.935089 0.935089 0.935089 00.935089
0 0 0 0.937024 0.937024 0.937024 0.937024 00.937024
0 0 0 0.938961 0.938961 0.938961 0.938961 00.938961
0 0 0 0.9409 0.9409 0.9409 0.9409 00.9409
0 0 0 0.942841 0.942841 0.942841 0.942841 00.942841
0 0 0 0.944784 0.944784 0.944784 0.944784 00.944784
0 0 0 0.946729 0.946729 0.946729 0.946729 00.946729
0 0 0 0.948676 0.948676 0.948676 0.948676 00.948676
0 0 0 0.950625 0.950625 0.950625 0.950625 00.950625
0 0 0 0.952576 0.952576 0.952576 0.952576 00.952576
0 0 0 0.954529 0.954529 0.954529 0.954529 00.954529
0 0 0 0.956484 0.956484 0.956484 0.956484 00.956484
0 0 0 0.958441 0.958441 0.958441 0.958441 00.958441
0 0 0 0.9604 0.9604 0.9604 0.9604 00.9604
0 0 0 0.962361 0.962361 0.962361 0.962361 00.962361
0 0 0 0.964324 0.964324 0.964324 0.964324 00.964324
0 0 0 0.966289 0.966289 0.966289 0.966289 00.966289
0 0 0 0.968256 0.968256 0.968256 0.968256 00.968256
0 0 0 0.970225 0.970225 0.970225 0.970225 00.970225
0 0 0 0.972196 0.972196 0.972196 0.972196 00.972196
0 0 0 0.974169 0.974169 0.974169 0.974169 00.974169
0 0 0 0.976144 0.976144 0.976144 0.976144 00.976144
0 0 0 0.978121 0.978121 0.978121 0.978121 00.978121
0 0 0 0.9801 0.9801 0.9801 0.9801 00.9801
0 0 0 0.982081 0.982081 0.982081 0.982081 00.982081
0 0 0 0.984064 0.984064 0.984064 0.984064 00.984064
0 0 0 0.986049 0.986049 0.986049 0.986049 00.986049
0 0 0 0.988036 0.988036 0.988036 0.988036 00.988036
0 0 0 0.990025 0.990025 0.990025 0.990025 00.990025
0 0 0 0.992016 0.992016 0.992016 0.992016 00.992016
0 0 0 0.994009 0.994009 0.994009 0.994009 00.994009
0 0 0 0.996004 0.996004 0.996004 0.996004 00.996004
0 0 0 0.998001 0.998001 0.998001 0.998001 00.998001
0 0 0 1 1 1 1 01
